tree
version=v4
num_class=1
num_tree_per_iteration=1
label_index=0
max_feature_idx=8
objective=binary sigmoid:1
feature_names=price_ngn days_to_departure duration_min departure_hour dow is_air price_vs_route_med price_trend_3d carrier_rank
feature_infos=[11100:1682500] [2:30] [62:827] [6:20] [0:6] [0:1] [0.15605749486652978:6.9622641509433958] [-0.19925742574257427:0.1360544217687075] [1:7]
tree_sizes=3296 3425 3440 3426 3411 3400 3418 3438 3389 3428 3417 3389 3402 3431 3392 3422 3425 3422 3413 3409 3435 3409 3412 3414 3396

Tree=0
num_leaves=31
num_cat=0
split_feature=1 7 7 0 0 1 0 1 7 1 1 0 7 1 1 1 8 7 7 1 7 7 6 3 0 3 3 7 4 6
split_gain=379.111 128.649 103.057 48.7187 38.8476 33.9102 28.1406 29.4006 20.2523 18.081 16.1647 15.33 15.8945 14.4022 11.4802 9.58841 9.82613 9.06128 9.29774 8.01304 8.09527 7.81314 6.90533 7.82792 6.99494 6.70377 6.3178 6.39004 6.31314 6.24062
threshold=12.500000000000002 0.027163735547956362 0.0035799573651855558 80750.000000000015 22850.000000000004 22.500000000000004 25650.000000000004 14.500000000000002 0.055577618921542678 3.5000000000000004 24.500000000000004 72650.000000000015 -0.0022931442080378248 10.500000000000002 9.5000000000000018 22.500000000000004 3.5000000000000004 -1.0000000180025095e-35 -0.025537349528545417 11.500000000000002 -0.02191172684447475 0.022233992467043318 1.6291559219009029 10.000000000000002 83850.000000000015 12.500000000000002 15.000000000000002 -1.0000000180025095e-35 2.5000000000000004 1.0522084367245659
decision_type=2 2 2 2 2 2 2 2 2 2 2 2 2 2 2 2 2 2 2 2 2 2 2 2 2 2 2 2 2 2
left_child=1 4 5 -3 9 11 15 29 10 26 -9 -2 22 -5 17 16 -4 18 -6 20 -16 -11 24 -24 -13 -18 27 -1 -26 -8
right_child=2 3 6 13 14 -7 7 8 -10 21 -12 12 -14 -15 19 -17 25 -19 -20 -21 -22 -23 23 -25 28 -27 -28 -29 -30 -31
leaf_value=0.33710563895275059 0.24420717933414299 0.29920326540014225 0.25892337811901717 0.34186773594413172 0.30229870872670367 0.23062886078081768 0.34769232305104392 0.26838770271701951 0.29579002187771125 0.25903404884962683 0.21063641021904711 0.29408538965156372 0.24070178337859449 0.30101047606891623 0.29978504577701265 0.24508212195553353 0.26234486518281869 0.29302540093076618 0.34700313355100088 0.30558506339700608 0.24941106857637924 0.30224121380289792 0.26801364832109353 0.32464859677854757 0.27895526057352105 0.29700801763599899 0.27576597051960694 0.28599064444748273 0.24242537616001425 0.30644663212722256
leaf_weight=12.488565027713777 312.26727211475372 196.6405533850193 169.19352802634239 144.41589263081551 25.846272885799408 420.97597685456276 15.595572441816328 81.690223336219788 66.110335677862167 247.11461395025253 14.226850688457487 18.584879368543625 47.522474884986877 25.356027066707611 11.495370030403135 82.36207526922226 23.614759981632233 59.339187979698181 21.147457271814346 17.776271909475327 26.04693403840065 10.925533801317213 11.157953351736071 13.462704986333845 20.612749695777893 34.07545468211174 23.461930841207504 11.97926416993141 27.750091046094894 22.261723011732101
leaf_count=49 1083 735 599 570 97 1432 62 293 246 875 47 69 164 95 43 286 84 220 84 67 91 41 40 52 75 127 85 44 96 84
internal_value=0.26734 0.29396 0.25127 0.316144 0.276577 0.240837 0.269145 0.283767 0.274498 0.266102 0.259822 0.250357 0.264164 0.335766 0.296404 0.259695 0.264999 0.306015 0.322416 0.27793 0.264835 0.260863 0.27634 0.298982 0.268014 0.282819 0.294304 0.31208 0.257995 0.323438
internal_weight=2215.5 834.034 1381.46 366.412 467.621 872.334 509.131 199.885 162.027 305.97 95.9171 451.358 139.091 169.772 161.651 309.246 226.884 106.333 46.9937 55.3186 37.5423 258.04 91.5684 24.6207 66.9477 57.6902 47.9298 24.4678 48.3628 37.8573
internal_count=7935 3096 4839 1400 1696 3011 1828 732 586 1094 340 1579 496 665 602 1096 810 401 181 201 134 916 332 92 240 211 178 93 171 146
is_linear=0
shrinkage=1


Tree=1
num_leaves=31
num_cat=0
split_feature=7 2 0 7 7 7 7 7 7 7 2 2 0 2 2 0 7 3 4 2 2 3 2 3 2 6 6 8 4 8
split_gain=289.736 70.373 26.5553 15.7948 14.7009 24.2312 13.9276 12.7462 12.0567 13.8419 10.8759 13.0309 10.0564 9.89553 9.44257 8.77325 8.11525 7.97343 7.89151 7.83608 7.70263 11.5255 7.31082 7.26482 9.56543 6.25819 7.86427 6.19718 6.0216 5.8441
threshold=0.023966524408806589 455.00000000000006 22950.000000000004 0.046207774926337805 -1.0000000180025095e-35 0.0035799573651855558 -0.075352197669570534 0.07108613599233847 0.0035799573651855558 -0.0045300636158423961 520.50000000000011 653.00000000000011 17850.000000000004 548.50000000000011 777.00000000000011 93050.000000000015 -0.063710332054204219 19.000000000000004 2.5000000000000004 741.00000000000011 604.00000000000011 10.000000000000002 803.00000000000011 6.5000000000000009 768.00000000000011 1.0650271714101505 4.2134776987718174 2.5000000000000004 1.0000000180025095e-35 2.5000000000000004
decision_type=2 2 2 2 2 2 2 2 2 2 2 2 2 2 2 2 2 2 2 2 2 2 2 2 2 2 2 2 2 2
left_child=2 3 8 -2 6 -6 -4 14 9 16 -11 12 13 -12 19 -8 -1 -5 -13 -3 -10 -22 23 29 -25 -17 -27 -16 -9 -18
right_child=1 7 4 17 5 -7 15 28 20 10 11 18 -14 -15 27 25 22 -19 -20 -21 21 -23 -24 24 -26 26 -28 -29 -30 -31
leaf_value=-0.039812922782959538 0.0110387669807409 -0.0072801526016137074 -0.03862619843008977 0.033227623192119353 -0.036097977763061451 -0.0047140416108421282 -0.011316417981008013 -0.01313152065591729 -0.0043065434854904312 -0.059778059125297003 -0.022031084581277741 -0.063681289370208935 -0.0089427359285373237 -0.070461118643572643 -0.00091878291339025735 -0.0023951185376575009 -0.024755268478068884 0.062027328896999467 -0.037486466460228983 -0.035603627965410382 -0.054951624653639168 -0.015882745245765658 -0.054847450275173119 -0.023067356400741697 0.01701738613815966 0.043962897838303983 -0.0079386803172581764 0.040763659529649457 0.016457775758310991 -0.06951641568603481
leaf_weight=121.28987750411034 81.777675911784172 227.5957263559103 33.35602855682373 210.95797057449818 177.22179502248764 94.1925328373909 143.82415968179703 20.357174903154373 60.012871772050858 68.474692270159721 26.764583259820938 48.057960316538811 53.950442373752594 17.407537817955017 20.869394615292549 46.018505930900574 14.552111476659775 27.12298983335495 71.572323501110077 27.355078145861626 26.758250966668129 64.092341676354408 19.350958779454231 308.54338842630386 15.637134239077566 21.409014090895653 11.07371088862419 15.570022299885748 110.66428461670876 14.61660036444664
leaf_count=416 304 822 115 811 611 341 516 73 217 228 94 159 193 57 76 167 51 108 246 95 90 228 65 1084 58 83 40 60 413 48
internal_value=-0.013125 0.0123046 -0.0260697 0.0299968 -0.0171018 -0.0252064 -0.00849854 -0.00109227 -0.0311465 -0.0336484 -0.0423975 -0.036932 -0.0234265 -0.0411166 -0.00691634 -0.00397841 -0.0285791 0.0365086 -0.0480095 -0.0103191 -0.0182073 -0.0273897 -0.0249232 -0.0232844 -0.0211338 0.00946574 0.0262691 0.0168915 0.0118604 -0.0471853
internal_weight=2200.45 742.27 1458.18 319.859 527.096 271.414 255.681 422.412 931.081 780.218 286.228 217.753 98.1226 44.1721 291.39 222.325 493.99 238.081 119.63 254.951 150.863 90.8506 372.7 353.349 324.181 78.5012 32.4827 36.4394 131.021 29.1687
internal_count=7869 2762 5107 1223 1873 952 921 1539 3234 2699 977 749 344 151 1053 806 1722 919 405 917 535 318 1306 1241 1142 290 123 136 486 99
is_linear=0
shrinkage=0.05


Tree=2
num_leaves=31
num_cat=0
split_feature=7 0 0 7 7 7 7 0 2 7 7 7 0 3 2 0 2 3 4 3 6 7 3 2 2 0 3 0 4 7
split_gain=267.191 56.1975 34.7545 14.2041 12.5981 11.9675 11.9786 14.0268 14.5462 11.8052 20.7828 8.62097 9.76999 8.50496 7.98223 7.41423 13.4058 7.15578 6.76648 10.5383 6.51027 6.49527 7.16511 7.18008 6.90009 6.5104 6.46254 6.41419 6.3368 6.00477
threshold=0.023966524408806589 24950.000000000004 22050.000000000004 0.07108613599233847 0.057704878850348064 0.0048198151634712668 -1.0000000180025095e-35 21150.000000000004 748.50000000000011 -1.0000000180025095e-35 0.0035799573651855558 -0.075352197669570534 93050.000000000015 19.000000000000004 550.50000000000011 19650.000000000004 687.50000000000011 10.000000000000002 1.5000000000000002 17.000000000000004 0.89289781972014326 -0.06247116271916333 6.5000000000000009 803.00000000000011 741.00000000000011 20950.000000000004 15.000000000000002 19650.000000000004 1.0000000180025095e-35 0.043501338502723162
decision_type=2 2 2 2 2 2 2 2 2 2 2 2 2 2 2 2 2 2 2 2 2 2 2 2 2 2 2 2 2 2
left_child=2 3 5 29 -3 6 21 8 15 11 -11 -4 -13 -6 -7 18 -17 -16 -8 -20 -19 -1 -23 24 25 -24 -14 -22 -5 -2
right_child=1 4 9 28 13 14 7 -9 -10 10 -12 12 26 -15 17 16 -18 20 19 -21 27 22 23 -25 -26 -27 -28 -29 -30 -31
leaf_value=-0.03850870700826408 0.00019882206833451304 0.014567001188013254 -0.030215504797795074 -0.013548711469151035 0.029826057249750283 -0.00062455787403876745 -0.059111067944017603 -0.072215455620073962 -0.0044629540012100294 -0.031838548895728666 -0.0042484582838878656 -0.011394229989831672 0.00084891632672232965 0.059078876472805325 -0.04709089735722128 0.004531439006424629 -0.057247784783532166 0.0031419314841202167 -0.028314059664657977 -0.060333839509278932 -0.054610740197559529 -0.047542628718078607 -0.022270574213698123 -0.055481275536790088 0.00028157950639797939 -0.058597084459489107 0.032403405792901567 -0.010122436277718297 0.018714899460563202 -0.014896086907176849
leaf_weight=126.67438238859177 123.32304149866104 142.87792666256428 36.951521471142769 18.198557734489441 187.6483256816864 46.809071347117424 65.159276098012924 33.30897618830204 29.123448461294174 194.80159977078438 105.07063867151737 156.82732155919075 53.959740832448006 28.639411270618439 27.900734767317772 20.925909817218781 15.130006417632101 24.706559211015701 77.233591020107269 38.508840382099152 15.201032862067221 33.007639616727829 264.47820793092251 16.26413232088089 32.813930094242096 12.937214359641073 23.204121872782707 17.348493590950966 92.951778843998909 141.45141379535198
leaf_count=432 449 536 128 65 723 170 215 108 104 671 380 561 197 115 94 76 50 90 267 127 51 111 926 54 119 43 89 62 349 505
internal_value=-0.012663 0.0119449 -0.0249823 -0.00156823 0.0260885 -0.0311169 -0.033514 -0.0417644 -0.0376426 -0.0153365 -0.0221714 -0.00777189 -0.00422762 0.0336995 -0.0172107 -0.0420965 -0.0213927 -0.0263278 -0.046223 -0.0389674 -0.01621 -0.0287728 -0.0253422 -0.0230978 -0.0214001 -0.0239647 0.0103377 -0.030899 0.0134324 -0.00786539
internal_weight=2203.44 735.09 1468.35 375.925 359.166 897.531 765.566 279.39 246.081 570.815 299.872 270.943 233.991 216.288 131.966 216.958 36.0559 85.1568 180.902 115.742 57.2561 486.176 359.501 326.493 310.229 277.415 77.1639 32.5495 111.15 264.774
internal_count=7867 2742 5125 1368 1374 3099 2632 947 839 2026 1051 975 847 838 467 735 126 297 609 394 203 1685 1253 1142 1088 969 286 113 414 954
is_linear=0
shrinkage=0.05


Tree=3
num_leaves=31
num_cat=0
split_feature=1 7 0 1 7 1 2 0 7 1 3 7 7 2 2 1 7 7 2 7 1 3 7 8 3 1 3 6 1 7
split_gain=289.388 106.956 77.5048 51.4359 27.5982 22.6782 19.6755 17.45 16.6146 14.9094 13.5456 11.7465 11.4683 9.94073 9.85378 9.57025 6.95446 6.86063 7.64629 6.70446 10.4267 9.53036 6.63448 6.66916 10.0598 8.89655 8.80176 6.85559 5.83687 5.69181
threshold=9.5000000000000018 0.023966524408806589 80250.000000000015 22.500000000000004 0.02647254634009601 10.500000000000002 452.00000000000006 23450.000000000004 0.028386160140593638 25.500000000000004 12.500000000000002 -1.0000000180025095e-35 1.0000000180025095e-35 744.50000000000011 712.50000000000011 3.5000000000000004 0.0035799573651855558 0.067457344010989892 783.50000000000011 0.054744518268184418 16.500000000000004 12.500000000000002 0.027163735547956362 3.5000000000000004 15.000000000000002 18.500000000000004 10.000000000000002 0.92743593601123331 15.500000000000002 0.031071991761336213
decision_type=2 2 2 2 2 2 2 2 2 2 2 2 2 2 2 2 2 2 2 2 2 2 2 2 2 2 2 2 2 2
left_child=2 3 4 6 10 -3 11 22 -4 19 15 -2 -13 14 -5 -1 -8 18 -6 20 29 -22 -7 26 25 -25 27 -24 -14 -9
right_child=1 5 8 13 17 7 16 9 -10 -11 -12 12 28 -15 -16 -17 -18 -19 -20 -21 21 -23 23 24 -26 -27 -28 -29 -30 -31
leaf_value=0.032430462369035233 -0.001667057695641926 0.040693076637445522 0.023535782379341143 -0.045414620880907232 0.0049100139005325075 0.017380466132058531 -0.03198370494898272 0.047461385884476071 0.052060867651967782 -0.052370408459373179 -0.018191747586821679 -0.040955230785756386 0.011249402551173144 -0.025040276707607445 -0.077940221208934971 -0.0027042533927023795 -0.016981483748050141 0.032467584359889244 0.047892762031195774 0.015787909854513983 -0.040776135156245473 0.0071163653200559153 -0.040908646352146721 0.0089798177593392453 0.026703757571392518 -0.042941461365926283 -0.033330077901800634 0.0015372133006206629 -0.023519938073621044 0.0042467016043032484
leaf_weight=25.852181851863861 133.47021406888962 27.960482910275459 83.768807649612427 382.26750029623508 74.509490877389908 13.973997458815573 391.49693934619427 10.220692247152327 130.68691565096378 10.882799565792082 129.38545109331608 50.872037947177887 23.055317908525467 56.645800888538361 24.796319842338562 77.436626300215721 96.238270595669746 64.034495562314987 12.015187248587607 111.21470831334591 24.293275445699692 18.147112801671028 12.250022470951079 15.150306597352026 18.494588375091553 18.115238711237907 90.567673116922379 42.575499445199966 25.33421565592289 29.93912898004055
leaf_count=98 484 109 316 1283 274 52 1343 40 524 37 455 172 85 196 79 278 340 246 47 422 84 67 42 56 70 62 314 155 89 111
internal_value=-0.0129059 -0.0238303 0.0168496 -0.0316759 0.00338063 -0.00289535 -0.0233158 -0.00582628 0.0409186 0.004576 -0.00741276 -0.0113542 -0.0243798 -0.044665 -0.0473959 0.00608962 -0.0290235 0.0200607 0.0108788 0.00777357 -0.00301711 -0.0202978 -0.0159118 -0.0182715 -0.00285882 -0.0192947 -0.0237584 -0.00794674 -0.006954 0.0152449
internal_weight=2225.65 1627.96 597.689 1184.18 383.233 443.786 720.467 415.825 214.456 204.698 232.674 232.732 99.2616 463.71 407.064 103.289 487.735 150.559 86.5247 193.815 82.6002 42.4404 211.127 197.153 51.7601 33.2655 145.393 54.8255 48.3895 40.1598
internal_count=7930 5692 2238 4071 1398 1621 2513 1512 840 761 831 830 346 1558 1362 376 1683 567 321 724 302 151 751 699 188 118 511 197 174 151
is_linear=0
shrinkage=0.05


Tree=4
num_leaves=31
num_cat=0
split_feature=1 7 7 0 1 0 1 1 1 0 1 7 1 0 7 2 2 6 2 6 3 0 0 3 2 2 2 0 0 2
split_gain=274.403 80.0796 70.4065 28.4708 24.4913 23.1145 15.8156 14.2781 13.5733 12.4792 17.1396 12.1844 8.92501 8.61765 10.3325 13.9283 8.50467 14.1995 8.03586 7.81767 7.33227 7.00826 6.67431 6.47214 8.3139 13.241 8.68783 6.65715 13.4637 6.29412
threshold=12.500000000000002 0.027163735547956362 0.0035799573651855558 80750.000000000015 22.500000000000004 25650.000000000004 23.500000000000004 3.5000000000000004 10.500000000000002 23650.000000000004 15.500000000000002 0.049623403627135049 8.5000000000000018 17450.000000000004 -1.0000000180025095e-35 761.50000000000011 68.500000000000014 1.0092445684772271 748.50000000000011 0.88747294372294383 8.0000000000000018 19150.000000000004 95650.000000000015 15.000000000000002 536.00000000000011 479.00000000000006 684.50000000000011 20850.000000000004 22150.000000000004 712.50000000000011
decision_type=2 2 2 2 2 2 2 2 2 2 2 2 2 2 2 2 2 2 2 2 2 2 2 2 2 2 2 2 2 2
left_child=1 5 4 -3 13 7 9 -1 -5 -4 -11 -12 -7 -2 15 -15 -14 -18 29 -20 -8 -16 -23 27 25 -25 -26 -9 -29 -6
right_child=2 3 6 8 18 12 20 23 -10 10 11 -13 16 14 21 -17 17 -19 19 -21 -22 22 -24 24 26 -27 -28 28 -30 -31
leaf_value=0.013836002427421296 -0.035813370679035145 0.015856646061937981 -0.01431000316171812 0.050324384244248455 -0.042912321870625408 0.025189553118159694 -0.059207836048277042 -0.0014373738938271929 0.0094898349824029237 0.025182744636239113 -0.022077655360125133 0.0088636368739289928 0.031780395207378492 -0.010419543742211143 -0.0057604195441594459 -0.04936836303220795 0.020943116097727629 -0.032577097528660198 0.01305449339093996 -0.034884944062034136 -0.022685191613108755 -0.050351429844426435 -0.016609347445410313 0.0058611516943495486 0.0011604325841262965 -0.056091456912731735 -0.031255563769505897 -0.054997814041273289 0.011779293933134002 -0.066255526354785516
leaf_weight=51.947666227817535 147.81562395393848 190.91228823363781 227.49145391583443 138.66028478741646 355.3237349241972 79.346552640199661 16.85681839287281 107.73396217823029 23.850690618157387 59.873907491564751 66.385805383324623 61.103527650237083 16.330635532736778 189.66480222344398 16.692050352692604 26.113811135292053 21.63556943833828 29.010475233197212 11.57060371339321 32.088767692446709 74.373181194067001 56.130599766969681 19.834238409996033 11.607470750808714 45.586563795804977 33.562283471226692 37.8158910125494 18.43756985664368 12.78069533407688 31.431571662425995
leaf_count=192 501 718 807 562 1188 301 56 386 90 230 234 230 62 674 59 87 81 101 42 109 260 186 69 42 164 111 130 61 47 101
internal_value=-0.0119588 0.0110033 -0.0254651 0.0289499 -0.0339583 -0.00261365 -0.010585 -0.0101516 0.0443314 -0.00643998 0.00311558 -0.00724801 0.0138443 -0.0258871 -0.0211301 -0.0151332 0.000403621 -0.00971371 -0.042514 -0.02218 -0.0294336 -0.0350955 -0.0415415 -0.0148095 -0.0228944 -0.0401712 -0.0135375 -0.00732865 -0.0276594 -0.0448094
internal_weight=2211.97 819.219 1392.75 353.423 886.666 465.795 506.085 319.472 162.511 414.855 187.363 127.489 146.323 456.251 308.436 215.779 66.9767 50.646 430.415 43.6594 91.23 92.6569 75.9648 267.524 128.572 45.1698 83.4025 138.952 31.2183 386.755
internal_count=7881 3048 4833 1370 3016 1678 1817 1133 652 1501 694 464 545 1576 1075 761 244 182 1440 151 316 314 255 941 447 153 294 494 108 1289
is_linear=0
shrinkage=0.05


Tree=5
num_leaves=31
num_cat=0
split_feature=1 0 1 0 1 1 1 3 0 6 8 1 3 0 4 4 2 6 4 2 2 4 6 3 2 8 6 1 2 2
split_gain=252.493 71.3938 58.3334 30.5222 24.4583 18.4584 8.26228 9.75943 8.3159 7.85645 7.68342 8.85383 7.50312 7.1072 7.09033 7.00126 6.67882 5.9211 4.79559 4.69426 7.10203 9.27046 6.6097 4.66888 6.2047 12.8836 17.2899 5.16311 5.0515 4.60574
threshold=12.500000000000002 23650.000000000004 22.500000000000004 23650.000000000004 8.5000000000000018 3.5000000000000004 16.500000000000004 10.000000000000002 66550.000000000015 4.038819416431358 6.5000000000000009 20.500000000000004 17.000000000000004 1121050.0000000002 1.0000000180025095e-35 1.5000000000000002 468.00000000000006 4.2738930691102341 2.5000000000000004 466.50000000000006 515.50000000000011 2.5000000000000004 1.0000921828908556 17.000000000000004 638.00000000000011 2.5000000000000004 0.95541306099113854 8.5000000000000018 783.50000000000011 576.00000000000011
decision_type=2 2 2 2 2 2 2 2 2 2 2 2 2 2 2 2 2 2 2 2 2 2 2 2 2 2 2 2 2 2
left_child=1 5 3 16 -3 29 9 18 -9 -5 11 -10 -12 17 -6 -16 -2 -4 -8 -7 21 -21 23 24 25 26 27 -22 -26 -1
right_child=2 4 13 6 14 19 7 8 10 -11 12 -13 -14 -15 15 -17 -18 -19 -20 20 22 -23 -24 -25 28 -27 -28 -29 -30 -31
leaf_value=0.034920891438899475 -0.046970769635393719 0.037609011594967739 -0.036813682406353958 0.0011523721579548196 -0.013359498175591426 0.016135647701791281 -0.035686824747495266 0.038281205530047421 -0.026787218732760201 0.041815779210078639 0.040140170627768396 0.012278555907480226 -0.010736123948293971 -0.0026558459884044247 0.054353522370421674 0.011918539966367736 -0.022398566866090628 -0.060494299882652459 -0.012144312556455459 -0.0091909826329823786 -0.011489127691286356 -0.049228319838233642 0.012510757034046922 -0.01838907569067064 -0.016987703031680346 0.040030586300561159 0.027511519522176432 -0.056093813979857313 0.0082641200328992231 0.010173810115059937
leaf_weight=30.266765013337135 29.331567689776421 222.03271450102329 503.4251317679882 123.93378990888596 25.116828873753548 20.985159158706665 41.757468149065971 11.976890191435812 47.944544732570648 13.137589722871779 15.090040802955629 20.794086381793022 13.942804619669912 14.567708805203436 10.780955433845518 98.774738743901253 483.3910653591156 27.857845336198807 44.879057332873344 40.622499346733093 12.96622769534588 22.447444334626198 45.759663045406342 77.264500454068184 83.916359320282936 21.658473446965218 20.638815551996231 12.984540522098539 25.923072084784508 49.633118525147438
leaf_count=116 98 881 1695 455 91 78 144 46 168 51 58 77 50 52 43 372 1676 91 160 145 46 75 169 272 296 83 78 43 95 184
internal_value=-0.0113928 0.0105845 -0.0243668 -0.0161461 0.0274123 -0.00232239 -0.0043709 -0.0109463 -0.00104297 0.00504975 -0.00586014 -0.0149695 0.0157072 -0.0371106 0.0106012 0.0160944 -0.0238043 -0.0380554 -0.0234914 -0.00685928 -0.00818431 -0.0234408 -0.00498873 -0.00812468 -0.0036714 0.00816849 -0.0066435 -0.0338072 -0.0110281 0.0195482
internal_weight=2213.8 821.772 1392.03 846.179 356.705 465.067 333.456 196.385 109.748 137.071 97.7715 68.7386 29.0328 545.851 134.673 109.556 512.723 531.283 86.6365 385.167 364.182 63.0699 301.112 255.352 178.087 68.2481 46.5896 25.9508 109.839 79.8999
internal_count=7888 3067 4821 2983 1387 1680 1209 703 399 506 353 245 108 1838 506 415 1774 1786 304 1380 1302 220 1082 913 641 250 167 89 391 300
is_linear=0
shrinkage=0.05


Tree=6
num_leaves=31
num_cat=0
split_feature=7 1 1 0 0 1 0 1 1 7 7 3 0 1 7 1 2 2 2 2 0 1 3 7 2 7 0 3 6 6
split_gain=214.075 88.2741 81.8801 29.3014 25.3468 19.6694 14.7792 14.694 11.0951 8.57325 7.95168 6.8767 6.59335 11.1489 6.47571 5.76956 5.92839 5.55886 7.3685 5.40187 5.23436 5.89564 10.8525 9.78223 6.90666 7.6117 5.6445 5.13839 8.53951 7.22832
threshold=0.023966524408806589 19.500000000000004 10.500000000000002 74250.000000000015 23450.000000000004 8.5000000000000018 21350.000000000004 2.5000000000000004 14.500000000000002 0.062060315673743247 -1.0000000180025095e-35 8.0000000000000018 16750.000000000004 22.500000000000004 0.028386160140593638 17.500000000000004 79.500000000000014 610.00000000000011 515.50000000000011 732.50000000000011 20850.000000000004 9.5000000000000018 12.500000000000002 -0.028540100250626563 762.50000000000011 -0.034918838398276218 20150.000000000004 10.000000000000002 0.79129154538685453 0.88386046511627925
decision_type=2 2 2 2 2 2 2 2 2 2 2 2 2 2 2 2 2 2 2 2 2 2 2 2 2 2 2 2 2 2
left_child=1 4 3 27 7 10 14 -1 11 -10 -6 -8 17 -14 -4 -7 -17 18 -3 -11 21 22 -9 24 25 -23 -25 29 -29 -2
right_child=2 12 6 -5 5 15 8 20 9 19 -12 -13 13 -15 -16 16 -18 -19 -20 -21 -22 23 -24 26 -26 -27 -28 28 -30 -31
leaf_value=0.022900955879000012 0.036859995058267883 -0.051256029902050207 0.016767011242038277 0.048375490214194045 0.040336999535085051 -0.0024187012869441218 -0.003813578834746513 0.0084349220935033033 -0.011889782938899364 0.016241736049343449 0.0088081672410032438 0.030090252232137071 -0.019580647574677239 -0.036509549863528411 -0.017264998723056601 -0.036004499006921556 0.004756455969457625 -0.06558659213794929 -0.026209607660012624 -0.020079476454195187 -0.030112856304269887 -0.021045888198836113 -0.018841227306623975 -0.015764251704373972 -0.061034824219627026 -0.060610842167424642 0.015186378363322029 -0.0010635534485123077 0.031313906551679489 -0.0046235911213292442
leaf_weight=22.545938163995743 13.832114934921263 63.869823753833771 15.419073164463041 140.50193147361279 35.174103334546089 169.77628572285175 20.388864919543266 59.55482342839241 94.943115636706352 65.174140065908432 46.349060714244843 56.131375089287758 130.95993502438068 377.89494881033897 149.58639958500862 28.454940721392632 12.994035601615904 25.246257811784744 54.355253502726555 12.144264474511145 79.844956040382385 87.385394141077995 94.068968564271927 164.02323152124882 16.942840337753296 14.120590686798094 16.184312641620636 26.603348910808563 86.84867849946022 43.601994231343269
leaf_count=85 54 209 57 581 139 613 76 217 339 247 173 218 455 1265 526 97 47 81 185 43 273 301 328 571 55 46 59 98 335 161
internal_value=-0.0102112 -0.0209959 0.0120928 0.0314604 -0.010353 0.0015499 -0.00248192 -0.0166352 0.00521377 -0.00182375 0.0224116 0.0210566 -0.0348219 -0.0321527 -0.0140848 -0.00650177 -0.0232262 -0.0442887 -0.0397407 0.0105368 -0.0183103 -0.0162267 -0.00826717 -0.020321 -0.0314825 -0.0265498 -0.0129846 0.0175528 0.0237217 0.00536709
internal_weight=2224.92 1499.75 725.175 311.388 847.419 292.748 413.787 554.671 248.782 172.262 81.5232 76.5202 652.326 508.855 165.005 211.225 41.449 143.471 118.225 77.3184 532.125 452.28 153.624 298.656 118.449 101.506 180.208 170.886 113.452 57.4341
internal_count=7934 5199 2735 1229 3004 1069 1506 1935 923 629 312 294 2195 1720 583 757 144 475 394 290 1850 1577 545 1032 402 347 630 648 433 215
is_linear=0
shrinkage=0.05


Tree=7
num_leaves=31
num_cat=0
split_feature=7 0 0 7 7 0 2 6 4 7 4 2 6 2 6 7 3 0 3 6 6 7 8 3 2 7 7 3 4 7
split_gain=174.554 32.0961 17.7674 8.76408 19.8176 10.5741 9.77304 8.89775 6.40542 6.29944 5.96731 5.63561 8.94456 5.58122 10.2866 7.73902 5.57772 5.43278 7.628 7.07822 7.88413 5.9443 7.45734 5.05209 7.74213 4.96845 7.20844 9.09879 7.05633 10.827
threshold=0.023966524408806589 23850.000000000004 96050.000000000015 0.0035799573651855558 -1.0000000180025095e-35 21450.000000000004 798.00000000000011 1.1106086512696187 3.5000000000000004 0.07108613599233847 1.0000000180025095e-35 604.00000000000011 1.0650271714101505 796.50000000000011 0.8468683994999785 -0.063710332054204219 15.000000000000002 108350.00000000001 6.5000000000000009 1.0706261851760246 0.94607236759127211 0.075963510359946265 5.5000000000000009 15.000000000000002 73.500000000000014 0.016809761055285356 -1.0000000180025095e-35 15.000000000000002 2.5000000000000004 0.0064259275842512174
decision_type=2 2 2 2 2 2 2 2 2 2 2 2 2 2 2 2 2 2 2 2 2 2 2 2 2 2 2 2 2 2
left_child=2 9 3 4 5 13 8 23 -6 -2 -11 12 -5 15 -15 -1 -14 19 -19 20 -3 22 -22 -7 -25 26 27 -4 -28 -30
right_child=1 17 25 11 6 7 -8 -9 -10 10 -12 -13 16 14 -16 -17 -18 18 -20 -21 21 -23 -24 24 -26 -27 28 -29 29 -31
leaf_value=-0.032012723038652706 -0.0045994417893549123 0.00054768400312742258 -0.0061251540738120943 0.0050406668217725468 -0.038913565762028486 0.0063551091729569607 0.001285936429346337 -0.02273830705506584 -0.025746890033946753 -0.016100961768786375 0.015294178107717701 -0.020358993363256948 -0.0038771236309633403 -0.0032865756673763091 -0.061918307411996935 -0.017024066955586142 -0.046934308513204459 -0.0082149598756171473 0.034519380424319374 0.0082760449358292264 0.037058444469520231 0.048172258172033466 0.0036395273151062137 0.010588272939168041 -0.028779063803948277 0.028110216067663115 -0.031900424019749726 0.032586333145443541 -0.016188997644400245 0.040203003949040084
leaf_weight=115.05071143805981 251.14279833436012 26.273043572902679 55.255554094910622 76.120367303490639 239.05849155783653 83.911682993173599 20.880095437169075 74.538679450750351 150.53807632625103 18.267991125583649 88.262996256351471 106.83904303610325 13.95083859562874 11.334408298134802 22.002624243497849 342.46773035824299 16.32077968120575 11.668767243623732 99.350446239113808 124.75139726698399 38.812258884310722 34.448075547814369 29.291445344686508 20.477150559425354 32.014979973435402 10.854751616716383 40.400782197713852 20.928109109401703 38.542031988501549 10.924119442701338
leaf_count=388 905 99 199 277 798 305 74 260 513 65 332 371 50 40 71 1187 55 44 400 478 154 141 112 75 110 41 138 81 134 42
internal_value=-0.00983586 0.0103639 -0.0195467 -0.0215331 -0.0233132 -0.018209 -0.03204 -0.00884677 -0.033826 -0.000277736 0.00991052 -0.0122474 -0.00410178 -0.0222324 -0.0419838 -0.0207932 -0.0270912 0.0208035 0.0300278 0.016765 0.0249856 0.0312464 0.0226849 -0.00125565 -0.0134219 -0.00466309 -0.00680549 0.00450912 -0.0163973 -0.00373537
internal_weight=2224.68 722.269 1502.41 1325.51 1112.27 701.798 410.477 210.942 389.597 357.674 106.531 213.231 106.392 490.855 33.337 457.518 30.2716 364.595 111.019 253.576 128.825 102.552 68.1037 136.404 52.4921 176.905 166.051 76.1837 89.8669 49.4662
internal_count=7939 2730 5209 4574 3821 2436 1385 750 1311 1302 397 753 382 1686 111 1575 105 1428 444 984 506 407 266 490 185 635 594 280 314 176
is_linear=0
shrinkage=0.05


Tree=8
num_leaves=31
num_cat=0
split_feature=1 0 1 0 1 1 1 0 0 8 6 0 8 6 0 0 6 2 2 6 6 0 8 3 1 6 0 8 6 3
split_gain=207.811 61.8743 41.3814 25.2833 20.6235 16.0284 13.9222 9.72848 7.57408 7.32636 7.29283 7.15339 7.14758 8.67935 6.22722 14.0624 9.68875 17.4461 5.94657 5.90273 5.74134 7.05707 6.28931 5.60777 5.75072 8.3733 9.50002 9.97967 5.91487 4.96332
threshold=12.500000000000002 25250.000000000004 22.500000000000004 23650.000000000004 7.5000000000000009 3.5000000000000004 16.500000000000004 68150.000000000015 19350.000000000004 2.5000000000000004 4.038819416431358 1108050.0000000002 6.5000000000000009 1.0582090614549935 96850.000000000015 93250.000000000015 1.0190375515956913 72.500000000000014 622.50000000000011 1.8407213834043106 1.0372776081692814 20750.000000000004 2.5000000000000004 15.000000000000002 6.5000000000000009 0.82750991760756798 18050.000000000004 1.5000000000000002 0.99364403926691003 17.000000000000004
decision_type=2 2 2 2 2 2 2 2 2 2 2 2 2 2 2 2 2 2 2 2 2 2 2 2 2 2 2 2 2 2
left_child=1 5 3 -2 -3 9 10 -8 23 -1 -5 19 29 -14 15 16 -6 -18 -11 -4 21 22 -10 -7 28 -26 27 -27 -25 -9
right_child=2 4 11 6 14 8 7 12 20 18 -12 -13 13 -15 -16 -17 17 -19 -20 -21 -22 -23 -24 24 25 26 -28 -29 -30 -31
leaf_value=0.034473073298161398 -0.02123123592107291 0.039191128460437583 -0.031223629294739926 0.0050018907950127719 0.031058063549555079 -0.0032104916139124723 0.019403471105791287 -0.026671511696906038 -0.00496592108319595 0.024802983886294511 0.04446082378813547 0.001507964564824843 0.03210285687923696 -0.013926218424752335 0.025694380611476095 -0.037544911454503872 0.041291470615484181 -0.034739480132572748 -0.013402861096131492 -0.050286652808474344 0.027261779844441027 -0.0085124625699890821 0.029269813395881656 -0.021052415985742045 0.012331745844783817 0.01352292305301365 -0.068512096111209134 -0.03749231424389958 0.018091613755075512 -0.0013522315771972995
leaf_weight=40.931083932518959 509.40578307211399 173.91332438588142 491.93015268445015 123.68800264596939 40.065523371100426 125.21365347504616 21.91742379963398 105.2186005115509 24.051385089755058 19.211836412549019 12.934184372425078 15.63932193815708 15.025344505906103 32.166878461837769 65.594826236367226 15.703103870153425 12.172809049487112 19.84601141512394 21.675288274884224 44.26144739985466 21.841671139001846 93.723026528954506 30.33342632651329 20.947187960147858 11.537355378270147 13.401921465992926 15.130258023738859 33.672220721840858 17.895021378993988 23.719023466110229
leaf_count=158 1755 712 1656 458 157 450 82 366 86 73 51 56 57 115 259 56 48 69 78 145 83 337 114 73 42 49 49 114 66 86
internal_value=-0.0094564 0.0105741 -0.0211779 -0.0142171 0.0274041 -0.000677575 -0.00354083 -0.012011 -0.00473023 0.0195191 0.00873751 -0.031825 -0.0159202 0.000728796 0.0140394 0.00533082 0.014671 -0.00583429 0.00454911 -0.0327972 0.00333067 -0.000198486 0.0141292 -0.0104912 -0.0185887 -0.0267901 -0.0340462 -0.0229684 -0.00301834 -0.0220138
internal_weight=2212.77 816.861 1395.91 844.075 327.296 489.565 334.669 198.047 407.747 81.8182 136.622 551.831 176.13 47.1922 153.382 87.7874 72.0843 32.0188 40.8871 536.192 169.95 148.108 54.3848 237.798 112.584 73.7418 62.2044 47.0741 38.8422 128.938
internal_count=7900 3073 4827 2970 1301 1772 1215 706 1463 309 509 1857 624 172 589 330 274 117 151 1801 620 537 200 843 393 254 212 163 139 452
is_linear=0
shrinkage=0.05


Tree=9
num_leaves=31
num_cat=0
split_feature=1 0 1 7 7 1 8 1 7 6 1 7 0 1 2 7 2 6 4 7 8 2 0 2 6 0 6 6 0 8
split_gain=171.313 69.9182 27.6276 24.5566 23.4338 13.5783 12.3539 11.0809 9.81778 9.32609 8.01703 7.97596 7.95029 12.2065 11.4545 6.89091 7.77197 9.10256 6.93336 6.83513 6.76214 8.39302 13.4287 7.92873 6.58276 9.41153 6.57094 6.31882 6.10282 6.09328
threshold=16.500000000000004 23650.000000000004 7.5000000000000009 0.020011778563015316 0.013201336108825098 12.500000000000002 3.5000000000000004 3.5000000000000004 0.02647254634009601 0.99840493652641993 24.500000000000004 0.063426497185645955 17450.000000000004 22.500000000000004 744.50000000000011 -0.0098843993503800187 79.500000000000014 1.0563888442802851 1.0000000180025095e-35 -1.0000000180025095e-35 3.5000000000000004 599.00000000000011 20950.000000000004 674.50000000000011 0.37401820803264846 15750.000000000002 1.0355179767518699 0.87872448332699393 1121050.0000000002 6.5000000000000009
decision_type=2 2 2 2 2 2 2 2 2 2 2 2 2 2 2 2 2 2 2 2 2 2 2 2 2 2 2 2 2 2
left_child=1 3 8 7 12 -5 9 -1 19 -7 -6 28 -2 15 -15 18 26 -18 -14 -3 21 -9 23 -23 -22 -26 -17 -16 -4 -21
right_child=4 2 11 5 10 6 -8 20 -10 -11 -12 -13 13 14 27 16 17 -19 -20 29 24 22 -24 -25 25 -27 -28 -29 -30 -31
leaf_value=0.0097437686678956449 -0.036034019437664419 0.03918593543324686 0.0033031861818041425 0.013890219816021097 -0.0071108138363669762 -0.047729807786512521 0.024692203438501082 -0.029780946897359262 0.043011627370950899 -0.0037181625432684434 -0.028571467852594852 0.02442811184015194 0.023527779548129291 -0.034614058303796602 0.023728614778985725 -0.015830618931777011 -0.024255274206358816 0.025126525031949388 -0.012068796724841964 0.019479423408068602 0.03299715891919807 0.0087683500560249931 -0.040947635392667388 -0.015560701273167553 0.024072869066502873 -0.018762583713015982 -0.063213022449885553 -0.018392698336764594 0.040286749702683838 -0.022059359317451909
leaf_weight=46.697671934962273 217.98976270854473 25.472551792860031 218.47035866975784 177.33825385570526 231.0228985697031 23.990175306797028 16.318212509155273 120.44259904325008 117.21588791906834 24.156849920749664 53.617875874042511 70.350283369421959 15.797893047332762 282.9571563154459 11.546327799558638 11.594076484441759 51.268206566572189 11.40846863389015 102.00960451364517 27.459990844130516 10.757571890950201 56.195790961384773 33.609131172299385 82.87589156627655 16.649166375398636 55.800105810165405 19.834537640213966 38.903125584125519 11.754750713706015 13.011731609702109
leaf_count=173 726 103 810 669 827 80 61 409 497 86 183 282 58 943 42 40 175 42 357 105 40 202 112 287 61 193 64 133 46 47
internal_value=-0.00877874 0.00455925 0.0190216 -0.00596364 -0.0233974 0.00674653 -0.0129051 -0.0132288 0.0343289 -0.0256478 -0.0111534 0.00969385 -0.0279632 -0.0247369 -0.0307008 -0.0153537 -0.0254418 -0.0152668 -0.00729532 0.0188953 -0.0160794 -0.0196503 -0.0125844 -0.00572987 -0.00349961 -0.00891881 -0.0457336 -0.00875243 0.00519148 0.00612463
internal_weight=2196.52 1148.57 483.736 664.831 1047.95 241.803 64.4652 423.028 183.16 48.147 284.641 300.575 763.309 545.319 333.407 211.913 94.1053 62.6767 117.807 65.9443 376.33 293.123 172.681 139.072 83.2068 72.4493 31.4286 50.4495 230.225 40.4717
internal_count=7853 4263 1890 2373 3590 896 227 1477 752 166 1010 1138 2580 1854 1118 736 321 217 415 255 1304 1010 601 489 294 254 104 175 856 152
is_linear=0
shrinkage=0.05


Tree=10
num_leaves=31
num_cat=0
split_feature=1 7 0 1 1 2 7 0 7 2 6 4 1 1 3 8 6 7 2 2 0 0 0 0 6 1 4 0 0 6
split_gain=173.214 61.6865 47.1341 17.9683 15.536 15.089 14.0341 11.1824 12.8446 12.8034 10.0017 9.90179 8.8961 7.74409 9.04809 7.273 7.26802 10.4083 6.66809 11.8334 5.70497 6.40285 5.64549 6.08476 5.65082 8.68576 6.0357 6.20623 5.2889 5.33327
threshold=9.5000000000000018 0.0035799573651855558 85450.000000000015 24.500000000000004 22.500000000000004 75.500000000000014 0.067457344010989892 17450.000000000004 -1.0000000180025095e-35 761.50000000000011 0.83234524847428093 1.0000000180025095e-35 14.500000000000002 2.5000000000000004 17.000000000000004 5.5000000000000009 1.6889867755474428 0.049623403627135049 669.00000000000011 78.500000000000014 95650.000000000015 83450.000000000015 13450.000000000002 17650.000000000004 1.0052477232847534 6.5000000000000009 3.5000000000000004 15350.000000000002 14650.000000000002 0.99291616486016332
decision_type=2 2 2 2 2 2 2 2 2 2 2 2 2 2 2 2 2 2 2 2 2 2 2 2 2 2 2 2 2 2
left_child=2 4 6 5 7 12 13 -2 9 -9 -11 -8 -3 14 -1 -4 17 -14 19 -5 21 -10 -15 24 26 -26 28 -28 -24 -30
right_child=1 3 15 18 -6 -7 11 8 20 10 -12 -13 16 22 -16 -17 -18 -19 -20 -21 -22 -23 23 -25 25 -27 27 -29 29 -31
leaf_value=0.041262418578281362 -0.030036706395607588 0.028335832084791537 0.048761154688628482 -0.060320416225166908 -0.032445959169946297 -0.0067454614924538185 -0.015089335596904646 -0.0049417564466207086 -0.026570573880801047 -0.0023167558830602423 -0.05544961353518383 0.035226882523175372 -0.010387550653372825 0.028380380401847066 -0.012170924976135559 0.027904112302755725 -0.025417672941832878 0.033367973611363753 -0.054166024694547954 -0.0044095256507546091 -0.0067623610764030928 -0.05603502835335309 -0.02384085905686055 0.0017339592930256554 -0.0057339503669356353 -0.064837298742171548 0.0045878149857869659 -0.041497231257359213 0.00092839885964281536 0.043928982405278011
leaf_weight=22.895639538764954 184.31583334505558 53.605714604258537 65.652404755353928 12.981582120060919 427.38264055550098 434.46367311477661 11.991228818893431 238.58723694086075 68.457161918282509 13.929243370890616 24.322860062122345 52.968832910060883 28.136115580797195 14.46394871175289 12.114836752414702 115.03154729306698 18.652319639921188 26.290774330496788 19.624099358916283 34.920866653323174 23.096711337566376 25.234786197543144 11.455215603113173 183.96585834026337 12.884540885686876 12.010854408144949 11.923758313059809 18.861672222614288 20.898657068610191 11.009523645043375
leaf_count=90 620 213 281 42 1427 1559 44 848 232 49 79 212 100 54 44 473 66 103 64 123 81 82 40 673 46 39 43 64 75 42
internal_value=-0.00921322 -0.0175355 0.0143086 -0.00525039 -0.0252179 -0.00231808 0.00468255 -0.0198729 -0.0151137 -0.00924725 -0.0361016 0.0259388 0.0128655 0.000529546 0.0227726 0.0354826 0.00151761 0.0107484 -0.029618 -0.0195614 -0.0290197 -0.0345065 -0.0020883 -0.00364548 -0.0136373 -0.0342485 -0.00671711 -0.0236477 0.00530257 0.0157652
internal_weight=2212.13 1634 578.129 628.675 1005.33 561.149 397.445 577.944 393.628 276.839 38.2521 64.9601 126.685 332.485 35.0105 180.684 73.0792 54.4269 67.5265 47.9024 116.789 93.6919 297.474 283.01 99.0442 24.8954 74.1488 30.7854 43.3634 31.9082
internal_count=7908 5688 2220 2270 3418 2041 1466 1991 1371 976 128 256 482 1210 134 754 269 203 229 165 395 314 1076 1022 349 85 264 107 157 117
is_linear=0
shrinkage=0.05


Tree=11
num_leaves=31
num_cat=0
split_feature=1 1 0 0 1 3 6 2 1 2 6 2 8 2 1 1 3 6 2 8 1 0 1 2 2 2 6 6 0 6
split_gain=150.807 49.4924 40.4884 19.5336 9.71301 10.5541 10.2939 9.22635 9.19223 5.65038 5.15731 10.5465 12.6472 6.86349 6.25905 9.58706 7.25225 5.75442 5.2624 5.1308 11.5958 5.09773 4.78735 4.75344 7.68279 4.40617 4.35367 4.2667 4.36803 4.19853
threshold=9.5000000000000018 22.500000000000004 79650.000000000015 23450.000000000004 17.500000000000004 10.000000000000002 1.0904133254738844 717.00000000000011 3.5000000000000004 515.50000000000011 0.99687472531765497 703.00000000000011 2.5000000000000004 765.50000000000011 4.5000000000000009 6.5000000000000009 12.500000000000002 0.97421017625540418 520.50000000000011 3.5000000000000004 17.500000000000004 1108050.0000000002 20.500000000000004 516.50000000000011 666.50000000000011 632.50000000000011 0.40088784243687697 4.038819416431358 1121050.0000000002 1.0246617578735449
decision_type=2 2 2 2 2 2 2 2 2 2 2 2 2 2 2 2 2 2 2 2 2 2 2 2 2 2 2 2 2 2
left_child=2 3 8 19 7 6 -6 -5 9 -1 11 17 -13 -14 16 23 -12 25 -17 -2 -21 -3 -7 -16 -25 26 -10 28 -4 -22
right_child=1 21 27 4 5 22 -8 -9 10 -11 14 12 13 -15 15 18 -18 -19 -20 20 29 -23 -24 24 -26 -27 -28 -29 -30 -31
leaf_value=0.041738013482289893 -0.017508411121996772 -0.028750165751239783 0.027244314274487931 0.0069933015592177714 -0.0093112777171017666 -0.0085061646151647057 -0.047988028444172326 -0.027449372926260429 -0.023295287247217078 0.011785619383301586 -0.04512583068384822 -0.016813602845120755 0.0099662324722854575 0.0586936923622048 0.0062890172041306092 -0.016177623512339763 0.0091492313935523095 -0.049370579934250175 0.010780038621044714 0.0051587144129299576 -0.015336085716706867 -0.00036991649063978593 0.014566448081603775 0.061180752209047187 0.010822568746809012 -0.027947665023681085 0.0067946741527234915 0.053293757263958678 0.053368134642253998 -0.044529259391394876
leaf_weight=20.427622556686401 488.35070018470287 528.3455990254879 157.71687433123589 255.79734069108963 40.878791496157646 62.52150821685791 29.704523161053658 21.043105334043503 18.174974545836449 68.694614246487617 11.511209398508074 21.872643813490868 14.920062512159349 14.014900133013724 14.995904967188833 28.984023988246918 13.226892367005346 11.615625813603399 48.224023371934891 84.970164149999619 45.65955451130867 16.311331063508987 35.106353521347046 18.464328154921535 12.841234937310217 27.696389555931091 35.505265638232231 21.914475634694099 17.807896345853806 16.865387767553329
leaf_count=81 1685 1777 656 959 145 224 99 74 64 260 40 77 55 56 55 103 49 39 179 306 158 58 130 74 48 96 129 94 78 56
internal_value=-0.00780694 -0.0156098 0.0141144 -0.00941666 -0.00138252 -0.0108586 -0.0255881 0.00437526 0.0045952 0.018651 0.00030589 -0.00644047 0.0118786 0.0335678 0.00684985 0.0114478 -0.0161062 -0.0164494 0.000660089 -0.01504 -0.00686738 -0.0279002 -0.000209401 0.0294363 0.0405243 -0.0117502 -0.00339314 0.0324919 0.0298947 -0.0232106
internal_weight=2204.16 1625.55 578.609 1080.9 445.052 168.211 70.5833 276.84 381.17 89.1222 292.047 143.8 50.8076 28.935 148.248 123.51 24.7381 92.9923 77.208 635.846 147.495 544.657 97.6279 46.3015 31.3056 81.3766 53.6802 197.439 175.525 62.5249
internal_count=7904 5671 2233 3836 1631 598 244 1033 1405 341 1064 516 188 111 548 459 89 328 282 2205 520 1835 354 177 122 289 193 828 734 214
is_linear=0
shrinkage=0.05


Tree=12
num_leaves=31
num_cat=0
split_feature=1 7 7 0 1 2 4 8 1 7 0 1 7 6 1 2 2 6 6 7 6 7 6 6 6 6 4 6 6 2
split_gain=132.097 50.5308 33.422 19.4201 16.2126 14.0739 13.9816 10.9068 9.83506 13.4541 9.18012 8.43373 7.77271 7.57034 6.30513 5.90965 7.06959 7.53908 5.90004 5.74042 7.15718 5.73141 5.62563 5.4079 5.31731 6.67958 5.5772 5.10247 11.9979 6.83592
threshold=12.500000000000002 0.027163735547956362 0.013201336108825098 78050.000000000015 17.500000000000004 83.500000000000014 1.0000000180025095e-35 3.5000000000000004 22.500000000000004 0.055577618921542678 93250.000000000015 11.500000000000002 -0.029295858212447717 1.100161812297735 2.5000000000000004 746.00000000000011 765.50000000000011 0.87454190326607883 1.0034013998958757 0.093484697153456531 1.0457621928685317 -0.0039722925690121721 0.99840493652641993 1.042147361564804 0.88386046511627925 0.99687472531765497 2.5000000000000004 1.0851228909958841 1.1390564634254241 610.00000000000011
decision_type=2 2 2 2 2 2 2 2 2 2 2 2 2 2 2 2 2 2 2 2 2 2 2 2 2 2 2 2 2 2
left_child=1 5 4 -3 12 6 10 -4 27 23 -1 18 24 -14 -7 -6 -17 -18 -5 20 -20 -8 -19 -10 26 -26 -2 29 -29 -9
right_child=2 3 7 11 15 14 21 8 9 -11 -12 -13 13 -15 -16 16 17 22 19 -21 -22 -23 -24 -25 25 -27 -28 28 -30 -31
leaf_value=0.014987860013054913 -0.063093552849164486 0.012445110070200768 -0.013017134686812322 0.052533572723049066 -0.027322098220557631 0.017893036679199274 0.037439204444811018 0.023742188123905161 -0.06179520919602443 0.016145906757363639 -0.045796039428309523 -0.0011508359824638878 -0.0089391743977577046 0.021376855276030286 -0.0087437018935548408 0.018242124530526652 0.0058286014179816633 -0.049104114890152956 -0.00080369650020097484 0.0020643472447225138 0.043761181026009108 0.011290952503509435 -0.01139643688291981 -0.017082396767670701 0.017125056904502316 -0.023230808719134542 -0.017518877457000398 -0.04760866949969883 0.0070753811505314948 -0.011226886199866939
leaf_weight=11.069616898894312 14.066130623221399 191.91749985516071 221.31358747184277 55.637159705162048 636.10363274812698 23.814257726073265 38.769871711730957 69.631236419081688 13.991026669740679 17.419059202075005 14.154505982995031 13.76624973118305 135.1546485722065 24.29410794377327 331.08838985860348 15.010233134031294 18.921787515282631 22.407238855957985 10.54411832988262 13.777011901140211 61.898547947406769 45.61008083820343 17.708243295550346 13.088886529207228 13.005406260490416 48.459501251578331 12.84118729829788 11.665009930729864 71.586029544472694 17.48491096496582
leaf_count=42 45 733 776 249 2145 91 154 266 45 64 50 53 472 90 1172 54 67 73 44 58 271 174 61 45 47 167 44 40 269 62
internal_value=-0.0073621 0.00866881 -0.0166996 0.0230883 -0.0219234 -0.00211976 0.0135413 -0.00522663 0.00279764 -0.0181335 -0.019121 0.0362138 -0.0109124 -0.00432013 -0.00695635 -0.0257659 -0.0123973 -0.0201874 0.0398397 0.0316485 0.0372747 0.0233052 -0.0324588 -0.0401836 -0.0228067 -0.0146919 -0.0413436 0.00826473 -0.000586865 0.0167236
internal_weight=2206.2 812.047 1394.15 347.541 957.972 464.507 109.604 436.18 214.866 44.499 25.2241 155.623 247.821 159.449 354.903 710.151 74.0475 59.0373 141.857 86.2197 72.4427 84.38 40.1155 27.0799 88.3722 61.4649 26.9073 170.367 83.251 87.1161
internal_count=7923 3091 4832 1408 3265 1683 420 1567 791 154 92 675 865 562 1263 2400 255 201 622 373 315 328 134 90 303 214 89 637 309 328
is_linear=0
shrinkage=0.05


Tree=13
num_leaves=31
num_cat=0
split_feature=7 2 0 7 7 4 7 6 7 7 7 4 0 2 0 6 2 7 6 6 3 2 4 6 2 6 6 7 7 2
split_gain=107.377 22.1023 11.3329 9.94377 9.6301 7.57343 6.76818 6.76979 6.75914 6.62986 6.19457 10.6966 6.89251 6.69329 6.53673 6.1255 5.82818 5.49843 5.54164 11.0415 7.28088 7.90202 6.00583 6.7952 10.5786 6.92093 6.29775 5.97795 9.23991 7.0476
threshold=0.023966524408806589 455.00000000000006 23050.000000000004 -1.0000000180025095e-35 0.0035799573651855558 1.0000000180025095e-35 0.057704878850348064 1.0723412353197046 0.07108613599233847 -0.070414787957668992 0.097033261212365704 2.5000000000000004 21450.000000000004 725.00000000000011 20050.000000000004 1.2190862074929949 777.00000000000011 0.0035799573651855558 1.022779922779923 1.0071311880086709 17.000000000000004 497.50000000000006 2.5000000000000004 0.32965509748792293 651.50000000000011 0.91785208417644693 0.20454160332695984 -0.075352197669570534 -0.012806844896397133 760.50000000000011
decision_type=2 2 2 2 2 2 2 2 2 2 2 2 2 2 2 2 2 2 2 2 2 2 2 2 2 2 2 2 2 2
left_child=2 6 17 9 -5 -6 -2 -8 16 -4 12 -12 14 -14 -10 -9 -3 18 19 20 21 -1 23 -23 -25 -26 -24 -22 -29 -30
right_child=1 8 3 4 5 -7 7 15 10 -11 11 -13 13 -15 -16 -17 -18 -19 -20 -21 27 22 26 24 25 -27 -28 28 29 -31
leaf_value=-0.03244147993219134 0.009902574778941518 -0.0060034373861439921 -0.020445893825418001 -0.022367890695863927 -0.04018821994296172 0.0030436875428150171 0.035551563556862287 -0.0067378778371325419 0.016495724825883889 0.001617662332460322 -0.042720417356698848 0.013981671237485456 0.054344724974465547 0.0088567998839495839 -0.023285350105936242 0.0229918523407125 0.015381187049159388 -0.0094940087714714405 -0.030436966383054903 0.013036892458969846 -0.054362247647330719 0.0030966328341558991 -0.041302912319828272 -0.011151877375234253 -0.051508008997128818 -0.022678749580269608 -0.0061286164916602472 -0.013247075096109357 -0.042790374212478222 -0.0020608434969242501
leaf_weight=65.280817896127701 126.16078768670559 247.9983195066452 40.578019216656685 181.51675260066986 11.606807887554167 79.635976955294609 82.421199709177017 22.597577467560768 43.467532798647881 211.5829496383667 13.19876293838024 22.489425644278526 19.674092352390289 13.731155738234518 13.543940126895903 74.272016510367393 36.558670461177826 151.4323158711195 107.66409251093864 27.105370193719864 19.134395077824593 26.734868794679642 13.534197703003882 80.418352469801903 40.174691081047058 43.207309633493423 212.97131861746311 84.801016703248024 70.882891774177551 12.492817655205725
leaf_count=219 495 891 141 623 40 292 353 90 165 771 46 86 79 52 48 307 138 531 362 97 62 95 45 278 131 147 744 293 234 44
internal_value=-0.00730547 0.00859 -0.0149927 -0.00909014 -0.0157069 -0.00245575 0.0187752 0.0250185 0.00101423 -0.00193283 0.0106501 -0.00698878 0.0176123 0.035647 0.00704513 0.0160566 -0.00325603 -0.0182343 -0.0198797 -0.0182483 -0.0195147 -0.0162656 -0.0137336 -0.0202757 -0.0240904 -0.0365691 -0.00823036 -0.0278809 -0.024868 -0.0366876
internal_weight=2196.87 716.113 1480.75 524.921 272.76 91.2428 305.452 179.291 410.662 252.161 126.105 35.6882 90.4167 33.4052 57.0115 96.8696 284.557 955.834 804.402 696.738 669.633 482.322 417.041 190.535 163.8 83.382 226.506 187.311 168.177 83.3757
internal_count=7899 2750 5149 1867 955 332 1245 750 1505 912 476 132 344 131 213 397 1029 3282 2751 2389 2292 1659 1440 651 556 278 789 633 571 278
is_linear=0
shrinkage=0.05


Tree=14
num_leaves=31
num_cat=0
split_feature=1 0 1 2 1 8 0 6 1 0 6 8 2 2 6 4 2 0 8 6 6 2 8 2 6 3 0 4 2 4
split_gain=137.037 38.6494 36.3706 16.0972 8.38066 8.87473 8.14753 8.0489 7.93291 7.63925 6.68948 6.1082 6.1 6.051 5.95161 6.80139 5.94972 6.50976 5.8407 5.70679 6.8199 5.59433 7.12065 5.56468 6.53611 6.03378 5.51383 5.6903 5.26199 5.02796
threshold=9.5000000000000018 80250.000000000015 21.500000000000004 452.00000000000006 16.500000000000004 6.5000000000000009 1095100.0000000002 0.21415275075222204 3.5000000000000004 1108050.0000000002 1.0438161461022202 2.5000000000000004 622.50000000000011 800.50000000000011 0.98454603351510583 2.5000000000000004 73.500000000000014 77450.000000000015 6.5000000000000009 0.93109371969481347 0.89857778572866132 690.00000000000011 2.5000000000000004 515.50000000000011 1.0215219189412739 10.000000000000002 105350.00000000001 2.5000000000000004 63.500000000000007 1.5000000000000002
decision_type=2 2 2 2 2 2 2 2 2 2 2 2 2 2 2 2 2 2 2 2 2 2 2 2 2 2 2 2 2 2
left_child=1 8 3 4 6 29 16 -5 11 13 -7 -1 -13 14 15 -4 18 -18 28 20 -17 -10 -23 -16 -25 -26 27 -3 -2 -6
right_child=2 26 9 7 5 10 -8 -9 21 -11 -12 12 -14 -15 23 19 17 -19 -20 -21 -22 22 -24 24 25 -27 -28 -29 -30 -31
leaf_value=0.030873090667250032 -0.013998275763270951 0.013068315043029783 -0.043201166660680683 -0.052830543600246506 -0.033834454079739791 0.043368218169280791 0.043592752208692291 -0.0129392176676397 -0.0041333209362847591 0.0074394539451103602 -0.0025560380122116502 0.023608219347695338 -0.012757315685040214 0.00064011537228825634 -0.02772489708412967 -0.023289116405462346 0.027312477048485578 -0.011330812305237999 -0.01039096307741243 -0.038807525187893724 0.01807126879546125 -0.0045965725937384353 0.025000991170287337 -0.0082523444010995078 -0.05115671115843954 -0.017190544692945967 0.041976695420088493 0.034831517009633821 0.022907978895441203 -0.010090536573946679
leaf_weight=42.614284798502922 11.200539588928221 55.822285920381546 92.864836603403091 12.904671669006346 30.981821656227112 11.395609647035597 13.433532789349554 628.47006620466709 211.34684738516808 18.337488293647766 26.070500269532204 22.095113381743431 24.120053619146347 21.658628433942795 229.73238608241081 48.651265859603882 12.648514360189436 78.757443428039551 23.679731920361519 41.665749341249466 12.534433037042616 37.90142510831356 43.810306251049042 105.37021411955357 20.28279036283493 36.791976362466812 75.854903250932693 65.018046319484711 70.131590738892555 79.52833254635334
leaf_count=167 41 231 306 42 106 44 54 2188 764 66 94 86 88 76 777 165 49 288 88 138 45 137 167 365 66 126 337 278 273 282
internal_value=-0.00749568 0.0134041 -0.0149275 -0.00900161 -0.000505148 -0.00961753 0.00592043 -0.0137418 0.00412968 -0.0243578 0.0114122 0.017219 0.00462876 -0.0253143 -0.0262705 -0.0333919 0.00334392 -0.00598346 0.0114628 -0.0245352 -0.0148161 0.000162152 0.0112724 -0.0227166 -0.0156338 -0.0292612 0.0314106 0.024778 0.0178255 -0.0167472
internal_weight=2205.68 578.583 1627.09 999.202 357.828 147.976 209.851 641.375 381.888 627.89 37.4661 88.8295 46.2152 609.552 587.894 195.716 196.418 91.406 105.012 102.851 61.1857 293.059 81.7117 392.177 162.445 57.0748 196.695 120.84 81.3321 110.51
internal_count=7934 2255 5679 3549 1319 526 793 2230 1409 2130 138 341 174 2064 1988 654 739 337 402 348 210 1068 304 1334 557 192 846 509 314 388
is_linear=0
shrinkage=0.05


Tree=15
num_leaves=31
num_cat=0
split_feature=1 7 0 1 7 7 1 1 0 1 6 7 0 6 6 2 3 7 7 2 2 2 7 6 3 0 6 6 0 2
split_gain=116.621 37.8703 32.7243 16.57 14.1453 12.625 10.4637 7.68393 9.7474 7.65992 6.5973 5.98378 5.93623 5.80569 5.7415 6.13236 5.47513 5.57267 5.40101 5.23208 6.33716 5.18678 6.53717 5.41743 5.10878 4.74585 5.54563 4.36607 5.90109 7.22411
threshold=9.5000000000000018 0.023966524408806589 26350.000000000004 22.500000000000004 0.067457344010989892 0.028386160140593638 3.5000000000000004 10.500000000000002 19250.000000000004 25.500000000000004 0.21415275075222204 -0.0022931442080378248 85750.000000000015 1.6291559219009029 0.35151391472080157 761.50000000000011 10.000000000000002 0.070291385135135151 0.094457348039742747 744.50000000000011 712.50000000000011 72.500000000000014 -0.0022931442080378248 3.8059464960744407 15.000000000000002 20050.000000000004 0.43022846481501048 1.1728294304133129 17450.000000000004 674.50000000000011
decision_type=2 2 2 2 2 2 2 2 2 2 2 2 2 2 2 2 2 2 2 2 2 2 2 2 2 2 2 2 2 2
left_child=2 3 4 10 6 11 -1 -3 16 25 -2 -4 -13 14 -12 27 17 -9 -6 20 -5 23 -23 -15 -22 -10 -27 28 29 -16
right_child=1 7 5 19 18 -7 -8 8 9 -11 13 12 -14 21 15 -17 -18 -19 -20 -21 24 22 -24 -25 -26 26 -28 -29 -30 -31
leaf_value=0.016431851043843721 -0.048868731608490097 0.024155592988245465 0.029008253932661373 -0.025871878684116296 0.036668363291596104 0.038182952210645188 -0.0061030769723795109 -0.012478546051529482 0.027466188143867976 -0.026368115739619887 0.0016174892172804698 -0.024048785028676523 0.013273564494862486 0.041267969982201218 -0.017143816058290677 -0.030492662545736016 -0.024270734038431701 0.029913527086529008 0.002903348634871458 -0.011406184848433781 -0.070236076843423687 0.010108575311368629 -0.031716220052345943 -0.0032603828509323984 -0.026944524239853218 -0.021947129252793532 0.0042118961110666009 -0.034883068510343944 -0.0085742444503869621 -0.055715878984137227
leaf_weight=66.47256700694561 12.88941343128681 28.131018593907356 38.056233316659927 379.31850381195545 38.907888993620872 126.96094942092896 228.89112128317356 28.124342352151871 19.756833717226982 22.670179411768913 52.478129878640175 14.650502741336821 39.055727675557137 13.087971508502962 178.0279937684536 62.16257007420063 68.903275728225708 10.702454000711439 17.026315957307816 57.227431535720825 15.115579485893251 18.852266505360603 18.520574644207954 14.28704287111759 12.409530431032179 22.055500969290733 248.92642153799534 23.615271717309952 305.98261381685734 13.027135521173475
leaf_count=253 42 113 155 1280 157 579 816 98 73 77 185 53 153 50 609 209 237 40 66 197 48 69 63 51 42 77 931 80 1074 42
internal_value=-0.00667335 -0.0134946 0.0127876 -0.0182086 0.00333463 0.0279704 -0.00103152 -0.00114484 -0.00283484 0.00162495 -0.0134221 0.0138404 0.00309241 -0.0127695 -0.0142231 -0.0156494 -0.0158093 -0.000793338 0.0263903 -0.0255617 -0.0275529 0.00149348 -0.0106182 0.0180286 -0.0507183 0.00380769 0.00208279 -0.0138773 -0.0128792 -0.0197739
internal_weight=2196.29 1626.27 570.021 1177 351.298 218.723 295.364 449.27 421.139 313.409 712.931 91.7625 53.7062 700.042 635.294 582.816 107.73 38.8268 55.9342 464.071 406.844 64.7479 37.3728 27.375 27.5251 290.739 270.982 520.653 497.038 191.055
internal_count=7919 5687 2232 4041 1292 940 1069 1646 1533 1158 2474 361 206 2432 2199 2014 375 138 223 1567 1370 233 132 101 90 1081 1008 1805 1725 651
is_linear=0
shrinkage=0.05


Tree=16
num_leaves=31
num_cat=0
split_feature=1 7 1 0 7 1 0 1 7 0 1 3 7 0 2 2 2 7 7 0 7 4 7 2 8 6 6 0 3 0
split_gain=112.483 40.495 21.6479 11.57 10.252 8.77963 7.62207 7.97233 9.33205 7.51063 6.28888 6.21213 8.38327 6.00813 5.89739 7.83116 7.51142 5.87735 5.63766 5.57051 5.58168 5.53126 10.0113 6.84807 5.34586 12.7417 9.63683 7.04185 6.73813 5.61643
threshold=12.500000000000002 0.027163735547956362 22.500000000000004 80750.000000000015 0.0035799573651855558 2.5000000000000004 17450.000000000004 14.500000000000002 -1.0000000180025095e-35 19050.000000000004 10.500000000000002 15.000000000000002 -0.064691249634182019 91050.000000000015 540.00000000000011 475.00000000000006 630.00000000000011 0.055577618921542678 0.066701977401129958 140700.00000000003 0.050987911088002089 1.0000000180025095e-35 -0.0048497955023585814 72.500000000000014 3.5000000000000004 1.0791899663328854 1.1209785430053076 19350.000000000004 12.500000000000002 20450.000000000004
decision_type=2 2 2 2 2 2 2 2 2 2 2 2 2 2 2 2 2 2 2 2 2 2 2 2 2 2 2 2 2 2
left_child=1 5 4 -3 6 -1 -2 -8 -9 11 13 12 -7 -5 15 -13 -16 -4 -19 20 -15 22 -11 -23 27 28 -27 -6 -26 -29
right_child=2 3 17 10 24 9 7 8 -10 21 -12 14 -14 19 16 -17 -18 18 -20 -21 -22 23 -24 -25 25 26 -28 29 -30 -31
leaf_value=0.025254265251543031 -0.024098748604516825 0.013649150864948088 -0.023969308592387373 0.061538341763854865 -0.01990034026006585 0.036767377604924642 -0.027308698647267388 -0.00013215338203093857 -0.021081139519205743 0.016389876781497063 0.0085390327885379383 0.0054845956874362122 -0.0070370567968201601 0.049382702376466782 0.021030983312792656 -0.039701676277404355 -0.023182507769485133 0.022274042374214115 -0.018173941216531674 0.056148237565598863 0.019354070669378404 0.024944184633987485 -0.029220472964729446 0.0020528863200784792 0.00048048213636332808 -0.052926374805803415 -0.0047117068100388662 0.020550962458042228 0.027334305481865363 -0.006896016981089971
leaf_weight=30.195551544427872 150.10264508426189 188.06726604700089 508.09912982583046 20.449179261922836 89.742981359362602 12.700438320636747 56.558292284607887 174.16481384634972 76.515867352485657 19.500113889575005 23.460698068141937 12.318996295332907 78.017171606421471 20.262775003910065 16.71388466656208 43.260913744568825 22.589307934045792 13.59438297152519 23.518613219261169 19.351607441902161 65.495328322052956 40.965637162327766 31.410190030932426 161.36471623182297 42.59435872733593 11.887692853808401 80.842336684465408 23.631322532892227 51.729110866785049 88.217481687664986
leaf_count=119 507 726 1722 97 308 47 193 617 260 74 93 44 275 93 61 144 77 50 82 94 299 163 109 591 156 40 299 86 198 315
internal_value=-0.0061856 0.00867581 -0.014797 0.0218949 -0.0097899 -0.000824487 -0.0148639 -0.0103522 -0.00652646 -0.0026189 0.0323013 -0.0102596 -0.000904449 0.0367413 -0.019204 -0.0296864 -0.00438049 -0.0225663 -0.00335796 0.031917 0.0264492 0.00298097 -0.0117504 0.00668767 -0.00381904 0.00226869 -0.0108927 -0.00946774 0.0152077 -0.00109704
internal_weight=2197.32 806.124 1391.2 337.087 845.987 469.037 457.342 307.239 250.681 438.841 149.02 185.601 90.7176 125.559 94.8831 55.5799 39.3032 545.212 37.113 105.11 85.7581 253.241 50.9103 202.33 388.645 187.053 92.73 201.592 94.3235 111.849
internal_count=7939 3106 4833 1402 2979 1704 1577 1070 877 1585 676 648 322 583 326 188 138 1854 132 486 392 937 183 754 1402 693 339 709 354 401
is_linear=0
shrinkage=0.05


Tree=17
num_leaves=31
num_cat=0
split_feature=1 7 0 1 2 3 1 7 7 2 7 4 1 2 1 6 7 7 2 1 2 7 1 2 4 3 0 2 1 6
split_gain=86.4468 35.2986 28.6925 10.7411 10.2224 10.2334 10.5648 9.05714 7.22486 7.39631 7.16494 7.70864 7.16226 6.59985 8.2488 10.1684 6.5643 7.86422 6.09581 6.73807 7.75003 5.98491 5.88944 5.63206 5.55736 5.37637 5.35737 5.70013 7.21948 5.3079
threshold=9.5000000000000018 0.013201336108825098 80250.000000000015 17.500000000000004 75.500000000000014 19.000000000000004 14.500000000000002 0.02647254634009601 0.0035799573651855558 692.00000000000011 0.067457344010989892 1.0000000180025095e-35 14.500000000000002 651.50000000000011 14.500000000000002 1.1074102834322483 -1.0000000180025095e-35 -0.022650085675295754 709.00000000000011 23.500000000000004 763.50000000000011 -0.054706934079601983 2.5000000000000004 810.50000000000011 1.5000000000000002 12.500000000000002 19350.000000000004 84.500000000000014 11.500000000000002 0.2308141263579728
decision_type=2 2 2 2 2 2 2 2 2 2 2 2 2 2 2 2 2 2 2 2 2 2 2 2 2 2 2 2 2 2
left_child=2 3 10 8 5 6 -3 16 9 13 22 -12 -10 14 -2 -16 17 -4 26 20 -20 -11 24 -5 -1 -22 -6 -28 -29 -24
right_child=1 4 7 23 18 -7 -8 -9 12 21 11 -13 -14 -15 15 -17 -18 -19 19 -21 25 -23 29 -25 -26 -27 27 28 -30 -31
leaf_value=-0.0086129314994948039 -0.01954601001962529 0.025692844684274099 0.0082704339674592991 -0.021388514285282295 -0.0099266280760030318 0.049964325963356933 -0.0073752667742186754 0.035559271588459937 0.026590058826633386 -0.051558490714492713 -0.01763872219313364 0.027359878478848715 -0.015052648768059408 0.014809766921755133 -0.0083619068231502915 0.032424763488068303 0.00098035215168212962 0.057702803471012809 -0.030484751609287059 -0.047852232767288921 0.017725558556916977 -0.018633541192057453 0.031413256343112518 0.013474755341804574 0.034040377330903905 -0.018577038582087944 -0.011392797295861923 0.041535641927383231 0.0044502393212874037 -0.0041619227890521996
leaf_weight=11.669815316796301 137.45898941159248 40.246049284934998 17.938679605722427 710.89440049231052 130.38714769482613 15.1188528239727 60.406623139977455 111.43305478990078 24.496709749102592 18.458386301994324 11.874637261033056 47.94487065076828 17.849010124802589 26.268718257546425 80.891332775354385 18.840246245265007 45.149783968925476 14.589593678712843 29.239298641681671 14.705893665552138 25.130337074398994 54.715388655662537 10.90483422577381 11.776231050491331 22.096344411373138 17.165300637483597 50.041301637887955 14.587923705577849 130.70040966570377 272.33513040840626
leaf_count=44 476 165 72 2422 457 63 220 528 91 60 44 196 62 94 282 71 173 64 100 48 93 187 41 42 88 60 184 59 475 981
internal_value=-0.00630408 -0.0121516 0.0105313 -0.0172451 -0.00151862 0.0116084 0.00584704 0.0264234 -0.0104275 -0.012876 0.00255579 0.0184273 0.00903737 -0.0089701 -0.0116037 -0.000656916 0.0133176 0.0304419 -0.00520768 -0.0170278 -0.0106911 -0.026939 -0.000439187 -0.0208204 0.0192991 0.00299248 -0.00207803 0.0031611 0.00817386 -0.00279227
internal_weight=2195.32 1629.38 565.937 1101.65 527.729 115.772 100.653 189.111 378.979 336.633 376.826 59.8195 42.3457 263.459 237.191 99.7316 77.6781 32.5283 411.958 86.2408 71.5349 73.1738 317.006 722.671 33.7662 42.2956 325.717 195.33 145.288 283.24
internal_count=7942 5711 2231 3787 1924 448 385 837 1323 1170 1394 240 153 923 829 353 309 136 1476 301 253 247 1154 2464 132 153 1175 718 534 1022
is_linear=0
shrinkage=0.05


Tree=18
num_leaves=31
num_cat=0
split_feature=1 7 2 2 6 1 1 7 1 7 2 7 6 3 6 2 6 1 3 2 1 6 2 1 6 8 3 6 7 7
split_gain=84.0435 37.3868 16.894 11.3727 13.1772 11.244 10.7669 10.0411 9.46126 8.55783 9.08297 6.85435 6.99601 6.56756 6.989 11.6392 7.41133 6.37618 7.79108 6.1105 6.00753 5.96303 6.30935 8.04634 13.0588 6.00403 5.51297 5.18949 15.5571 4.96176
threshold=16.500000000000004 0.023966524408806589 455.00000000000006 72.500000000000014 1.0372776081692814 24.500000000000004 10.500000000000002 0.013730049013447281 2.5000000000000004 0.07108613599233847 766.50000000000011 0.041028647007545022 0.99687472531765497 15.000000000000002 1.1209785430053076 475.00000000000006 0.82750991760756798 6.5000000000000009 12.500000000000002 72.500000000000014 9.5000000000000018 3.8757319839884077 66.500000000000014 18.500000000000004 1.0177364991386415 1.5000000000000002 12.500000000000002 1.0071311880086709 0.046207774926337805 -1.0000000180025095e-35
decision_type=2 2 2 2 2 2 2 2 2 2 2 2 2 2 2 2 2 2 2 2 2 2 2 2 2 2 2 2 2 2
left_child=1 3 6 4 29 7 19 -2 -5 10 11 12 -4 -10 15 20 -17 18 -13 26 -15 22 -9 24 25 -24 -3 -25 -29 -1
right_child=5 2 9 8 -6 -7 -8 21 13 -11 -12 17 -14 14 -16 16 -18 -19 -20 -21 -22 -23 23 27 -26 -27 -28 28 -30 -31
leaf_value=0.010954894568170247 -0.016332065064852075 0.0076577553380704575 -0.010680218480632527 0.023103319923789761 0.034087549666389001 -0.022550346751848332 0.010959655224783385 0.03479528371694212 -0.0029601938829615943 0.019177364543984256 0.025846581965566235 -0.023268352482978358 0.02356935409089668 0.03799910896268674 -0.037149140276505531 0.0026382351006750656 -0.02190463516883796 -0.024210255103277664 0.024551898923019577 0.044728957214429869 -0.0029650640141228538 -0.034865925564089628 -0.065156960908616918 0.010150434157933085 0.013959264032854064 -0.022748370199023073 0.037285032448489373 -0.037278721937683133 0.015105415705265324 -0.021640624245812486
leaf_weight=23.889909878373146 430.9517470151186 30.390737652778625 27.220820650458336 26.064110726118088 40.135255709290504 384.30116985738277 81.999854952096939 11.395554751157759 312.47773569822311 85.311692014336586 28.418473303318024 15.403671622276304 32.968385860323906 15.859656840562819 28.642728641629219 40.022818982601166 132.90697379410267 55.487666264176369 19.052970975637436 66.211819186806679 20.543317005038261 14.197558254003523 12.014233276247976 91.802581563591957 19.954669654369354 27.334284037351608 32.485127553343773 26.304463386535645 30.732297539710999 22.834266260266304
leaf_count=93 1479 138 98 103 160 1309 325 44 1114 337 111 56 125 62 99 142 454 195 74 320 73 49 39 333 74 95 155 88 114 82
internal_value=-0.00553263 0.00387581 0.0145849 -0.00379144 0.0130749 -0.0157424 0.025128 -0.0118062 -0.00633256 0.00615049 -7.37172e-05 -0.00498012 0.00807984 -0.00772635 -0.0139846 -0.0108151 -0.0162244 -0.0137196 0.00317409 0.0341281 0.0148818 -0.00346162 -0.0014307 -0.00341403 -0.0189883 -0.0356969 0.0229648 0.00279135 -0.00905333 -0.00497465
internal_weight=2187.32 1138.33 474.951 663.377 86.8594 1048.99 211.088 664.687 576.517 263.864 178.552 150.134 60.1892 550.453 237.975 209.333 172.93 89.9443 34.4566 129.088 36.403 233.736 219.538 208.143 59.3032 39.3485 62.8759 148.839 57.0368 46.7242
internal_count=7940 4316 1934 2382 335 3624 938 2315 2047 996 659 548 223 1944 830 731 596 325 130 613 135 836 787 743 208 134 293 535 202 175
is_linear=0
shrinkage=0.05


Tree=19
num_leaves=31
num_cat=0
split_feature=1 7 0 8 7 6 2 1 1 6 6 6 0 0 2 1 7 3 1 6 0 0 1 7 8 1 0 2 2 6
split_gain=71.1423 31.2818 15.7535 12.5242 11.6848 8.05619 7.24923 6.87408 5.48194 7.92546 5.71177 7.91231 5.57365 10.2326 6.12815 5.35544 5.0628 5.6811 4.97634 8.55549 13.1832 4.86292 4.79707 4.70589 5.0966 5.41992 4.79722 4.65687 5.25555 5.87721
threshold=16.500000000000004 0.022927479775566896 108350.00000000001 3.5000000000000004 0.013201336108825098 0.37401820803264846 646.50000000000011 8.5000000000000018 10.500000000000002 1.7466703542008259 1.0791899663328854 0.95541306099113854 79650.000000000015 90750.000000000015 75.500000000000014 3.5000000000000004 -0.0075798614531008895 12.500000000000002 11.500000000000002 1.0246617578735449 94950.000000000015 1095100.0000000002 18.500000000000004 0.092473994002887513 1.5000000000000002 18.500000000000004 24950.000000000004 67.500000000000014 73.500000000000014 1.1728294304133129
decision_type=2 2 2 2 2 2 2 2 2 2 2 2 2 2 2 2 2 2 2 2 2 2 2 2 2 2 2 2 2 2
left_child=1 3 8 15 22 -5 7 16 12 10 11 -10 -3 -14 -15 -1 -7 -18 19 -9 -21 -17 -2 24 25 -6 -25 -20 -29 -30
right_child=4 2 -4 5 23 6 -8 18 9 -11 -12 -13 13 14 -16 21 17 -19 27 20 -22 -23 -24 26 -26 -27 -28 28 29 -31
leaf_value=0.0090002384910146307 -0.0076621590933118981 0.0094910756605758907 0.035243134152666104 0.039026300925963223 -0.045814693824949043 0.034130329068602659 -0.016690178045920868 0.010032504144610072 -0.015066465250131854 0.039306724812379547 -0.020088537737110682 0.013279501483996779 0.058198134919490302 0.0055743116671485727 0.044693139349283401 -0.012501440804816858 0.025002087091006649 -0.0088453167694444775 -0.017378573552189837 -0.056474665688768445 0.012741212052607363 0.019630013316990678 -0.019160193042378967 -0.0059942892196781323 -0.0039685387816776043 -0.011398722045606734 0.041038746405205412 0.031696669579016484 0.012493441694592192 -0.027717283965814399
leaf_weight=35.867477864027023 105.26872444152832 171.7438567429781 71.185237720608711 16.06846858561039 15.687543243169783 29.974876940250397 41.252288669347763 23.212297022342682 36.193295672535896 13.341258183121679 30.744543790817261 76.979324817657471 18.428706541657448 41.163970127701759 13.228855594992636 322.61997237801552 24.828414484858513 24.76029446721077 16.415774494409561 18.388991907238964 10.991262674331663 12.221500769257544 656.03704865276814 11.280182406306269 210.21382264792919 42.246856942772865 10.438621520996092 23.312638372182846 38.398979038000107 11.904306203126906
leaf_count=136 366 667 334 61 52 124 143 86 128 55 112 293 92 190 64 1118 97 93 58 61 42 47 2246 40 748 148 41 89 139 41
internal_value=-0.00496856 0.00378063 0.0135637 -0.00333622 -0.0143175 0.0046554 0.00255896 0.00613283 0.00972312 0.00244013 -0.000977444 0.00421429 0.0144062 0.025998 0.0150884 -0.00936177 0.0179077 0.00810163 -0.000435845 -0.0126556 -0.0305807 -0.0113287 -0.0175703 -0.0057742 -0.0075873 -0.0207179 0.016611 0.00670242 0.0120723 0.00297755
internal_weight=2174.4 1123.23 473.009 650.218 1051.17 279.509 263.44 222.188 401.824 157.258 143.917 113.173 244.565 72.8215 54.3928 370.709 79.5636 49.5887 142.624 52.5926 29.3803 334.841 761.306 289.867 268.148 57.9344 21.7188 90.0317 73.6159 50.3033
internal_count=7911 4270 1935 2335 3641 1034 973 830 1601 588 533 421 1013 346 254 1301 314 190 516 189 103 1165 2612 1029 948 200 81 327 269 180
is_linear=0
shrinkage=0.05


Tree=20
num_leaves=31
num_cat=0
split_feature=1 7 7 0 1 4 6 1 7 1 0 3 2 7 2 7 2 7 6 6 2 6 7 2 0 7 2 2 2 6
split_gain=65.8673 23.3105 21.5085 9.35357 9.29827 8.69686 8.11522 7.31782 8.03068 7.60927 7.2525 6.89727 6.773 5.78826 9.74865 9.79978 5.61179 6.03659 5.46266 5.45543 5.05921 5.04348 5.12203 4.85544 4.81279 4.63927 5.12955 8.58027 4.54996 4.51136
threshold=9.5000000000000018 0.023966524408806589 0.02647254634009601 24950.000000000004 22.500000000000004 1.0000000180025095e-35 0.21415275075222204 24.500000000000004 0.025834260289210237 10.500000000000002 19250.000000000004 10.000000000000002 748.50000000000011 -1.0000000180025095e-35 468.00000000000006 -0.037593188522392053 715.00000000000011 -0.077192311966163649 0.87872448332699393 1.0372776081692814 674.50000000000011 1.6291559219009029 0.021567228975440344 549.50000000000011 19950.000000000004 0.013201336108825098 666.50000000000011 494.50000000000006 783.50000000000011 0.25378803851289627
decision_type=2 2 2 2 2 2 2 2 2 2 2 2 2 2 2 2 2 2 2 2 2 2 2 2 2 2 2 2 2 2
left_child=2 4 13 5 6 -4 -2 8 -3 -10 11 -11 16 14 15 -1 17 -6 -14 -7 23 22 29 -9 -12 -15 27 -27 -20 -8
right_child=1 7 3 -5 12 19 21 20 9 10 24 -13 18 25 -16 -17 -18 -19 28 -21 -22 -23 -24 -25 -26 26 -28 -29 -30 -31
leaf_value=-0.0030685698481835357 -0.050847444452343162 0.039460248196433685 -0.016022442994948091 0.030009882364535775 -0.04131363608753208 0.012084899820600082 0.019603954741061812 -0.024078500149602784 0.025932863882100782 0.0050923909769684987 0.031053405740300147 -0.023440346948547634 0.026612115017609246 -0.011390793265655064 -0.0002276025117434979 0.046708807870867168 -0.04226054919365347 -0.018247066797650813 0.0080104877099425858 0.043514440541756787 -0.045649770491526381 0.0034904616370570862 -0.04076325191566893 0.017502606967761299 0.00085120814857341399 -0.0035681615598898522 -0.019418582427921556 0.051344329260213387 -0.028041702020305259 -0.011146702276431924
leaf_weight=15.850513041019438 12.299550309777258 13.41751892864704 24.503176733851433 124.94385927915573 30.903323978185654 85.782028332352638 12.165592089295385 19.070690706372265 26.571685954928398 32.140833392739296 13.919824779033659 62.108815237879753 12.407773122191427 114.05066400766373 112.10789783298969 26.283303663134575 31.045369073748589 345.17299115657806 15.814161121845244 16.455313339829445 13.441269859671591 64.087233781814575 14.346281498670576 11.111005052924154 251.73210214078426 16.947738587856296 11.938869327306746 12.259721443057058 19.595872864127159 608.66024309396744
leaf_count=62 40 52 90 606 103 335 44 65 111 115 52 213 45 409 402 114 104 1186 56 68 44 231 48 40 943 65 42 48 66 2112
internal_value=-0.00530438 -0.0104457 0.00944748 0.0203019 -0.0141555 0.0107315 -0.010586 -0.000688634 0.00143263 0.00011239 -0.00179395 -0.0137102 -0.0197383 0.000618988 0.00747857 0.0279828 -0.0218291 -0.0201425 -0.00193705 0.0171435 -0.0201342 -0.00987783 -0.0112267 -0.00877095 0.00243377 -0.00619837 0.00819414 0.0194811 -0.0119408 -0.0105441
internal_weight=2171.14 1610.01 561.123 251.684 1166.5 126.741 711.559 443.514 399.891 386.473 359.902 94.2496 454.939 309.439 154.242 42.1338 407.122 376.076 47.8178 102.237 43.623 699.259 635.172 30.1817 265.652 155.197 41.1463 29.2075 35.41 620.826
internal_count=7911 5670 2241 1099 4035 493 2475 1635 1486 1434 1323 328 1560 1142 578 176 1393 1289 167 403 149 2435 2204 105 995 564 155 113 122 2156
is_linear=0
shrinkage=0.05


Tree=21
num_leaves=31
num_cat=0
split_feature=1 1 7 7 0 3 0 7 1 2 0 3 6 7 0 0 2 6 2 6 2 2 6 2 0 1 7 7 2 1
split_gain=64.646 20.0065 19.1078 12.2243 10.0855 7.5803 6.47596 7.90844 5.91203 7.1244 5.68146 5.57316 10.0656 8.21009 5.51422 6.17422 5.87826 5.50552 5.38153 12.1728 5.02869 5.14828 4.77081 5.40615 6.41359 4.74719 4.59389 6.44471 9.31267 6.77693
threshold=9.5000000000000018 22.500000000000004 0.02647254634009601 1.0000000180025095e-35 25250.000000000004 15.000000000000002 17450.000000000004 -1.0000000180025095e-35 14.500000000000002 526.00000000000011 1108050.0000000002 19.000000000000004 1.0582090614549935 0.047894189349585913 22350.000000000004 21650.000000000004 761.50000000000011 1.0052477232847534 761.50000000000011 0.83234524847428093 72.500000000000014 67.500000000000014 1.0287945285236819 682.50000000000011 19350.000000000004 2.5000000000000004 -0.073779111124856953 -0.011043625675362529 494.50000000000006 5.5000000000000009
decision_type=2 2 2 2 2 2 2 2 2 2 2 2 2 2 2 2 2 2 2 2 2 2 2 2 2 2 2 2 2 2
left_child=2 3 5 6 14 25 -2 18 9 17 -3 -10 13 -13 15 22 -16 -5 -8 -20 21 -6 23 24 -4 -1 -7 28 -28 -30
right_child=1 10 4 8 20 26 7 -9 11 -11 -12 12 -14 -15 16 -17 -18 -19 19 -21 -22 -23 -24 -25 -26 -27 27 -29 29 -31
leaf_value=0.033980364386487931 -0.019248843078381254 -0.019102159822991713 0.007598494024929456 0.0275392234962995 0.035363989386561455 -0.035571032770322537 -0.00071965162971057847 -0.019203397499330477 -0.0076303108073097871 -0.0043227507203133968 0.011891276169509017 0.054569996707016059 -0.027412137487173329 0.0003882000628556552 -0.035270727107123583 0.048131692998064385 0.015565202533060761 0.0047298043072814995 0.019323756262189726 -0.042903369530653275 0.039267333713368643 0.0037780389462981653 0.034993962714443598 0.030402403953911774 -0.030499899700074291 0.0056355388560945605 0.039843142067568199 -0.013510861371891581 -0.027181187288325005 0.017540849739168262
leaf_weight=16.418727025389671 179.83058984577656 518.71402405202389 44.463497579097748 47.102703765034676 24.265450567007065 13.065849781036375 245.44692574441433 109.0372481495142 268.14161095023155 90.32403701543808 15.220191806554793 14.576963514089586 11.24854765832424 13.436200603842734 12.491159126162531 12.359870299696921 10.438673660159109 60.351343780755997 11.92566893994808 23.047208279371262 67.707278087735176 27.545100197196007 16.348456427454948 16.627148479223251 14.698231041431425 147.24906894564629 16.80638113617897 77.599191322922707 17.610741481184959 16.321858584880829
leaf_count=68 613 1784 172 190 121 44 871 372 954 326 55 56 40 50 46 51 42 237 43 76 338 131 67 66 54 548 70 279 61 59
internal_value=-0.00524104 -0.010308 0.00952259 -0.00637701 0.0198621 0.00115311 -0.0114009 -0.00777718 -0.000715577 0.00602783 -0.0182187 -0.00505417 0.0125398 0.0285823 0.0100761 0.0149484 -0.012128 0.0147284 -0.00333425 -0.0216841 0.0302957 0.0185713 0.010497 0.00521272 -0.00186673 0.00847902 -0.00732624 -0.0044507 0.00940574 -0.00566952
internal_weight=2160.42 1608.4 552.017 1074.47 246.945 305.072 569.288 389.457 505.181 197.778 533.934 307.403 39.2617 28.0132 127.427 104.497 22.9298 107.454 280.42 34.9729 119.518 51.8106 92.1373 75.7889 59.1617 163.668 141.404 128.338 50.739 33.9326
internal_count=7884 5667 2217 3828 1088 1129 1975 1362 1853 753 1839 1100 146 106 498 410 88 427 990 119 590 252 359 292 226 616 513 469 190 120
is_linear=0
shrinkage=0.05


Tree=22
num_leaves=31
num_cat=0
split_feature=1 2 1 1 1 3 0 0 2 2 0 8 0 8 8 8 0 6 0 2 2 0 1 6 2 2 2 1 0 6
split_gain=58.0954 19.091 9.71473 9.06846 8.82636 7.37071 6.95036 7.16166 10.7339 6.49562 6.36798 6.32749 5.65735 10.0442 7.83082 7.58759 8.57084 5.66035 5.64153 5.43049 7.45272 5.2312 5.73599 4.95221 4.9023 4.83934 6.58798 9.76478 4.3548 4.84684
threshold=17.500000000000004 450.00000000000006 7.5000000000000009 23.500000000000004 9.5000000000000018 15.000000000000002 97250.000000000015 85750.000000000015 73.500000000000014 78.500000000000014 26950.000000000004 5.5000000000000009 22950.000000000004 3.5000000000000004 3.5000000000000004 1.5000000000000002 15650.000000000002 1.033900075827787 14150.000000000002 426.50000000000006 392.00000000000006 17050.000000000004 15.500000000000002 0.40088784243687697 515.50000000000011 608.50000000000011 674.50000000000011 15.500000000000002 18750.000000000004 0.43022846481501048
decision_type=2 2 2 2 2 2 2 2 2 2 2 2 2 2 2 2 2 2 2 2 2 2 2 2 2 2 2 2 2 2
left_child=1 2 11 6 5 -3 7 8 -2 -9 12 -1 13 15 -14 16 -6 -18 -7 20 -4 -15 23 -23 -5 -17 -27 -28 29 -10
right_child=3 4 19 24 10 18 -8 9 28 -11 -12 -13 14 21 -16 25 17 -19 -20 -21 -22 22 -24 -25 -26 26 27 -29 -30 -31
leaf_value=0.035279305108769303 0.021182307724531529 0.010084451924170349 0.0064496921986028095 -0.024759752300582461 0.024758971374007569 0.026822148499425703 0.0058128111737018691 -0.039729855040958433 0.011548875152295445 -0.00035000201873681492 -0.040918469461464796 0.013557140998328488 0.035560267645272557 0.024275618592193966 -0.013387680429407701 -0.027993375176928095 -0.014682534858760886 0.022927242530372521 -0.0071030685378170302 0.039630034304205281 -0.028019359352462005 0.034940298238841351 -0.031147396103899473 -0.0034428156134408772 -0.014325167081860905 0.0060271933598466856 -0.031154003020737692 0.010820150221829078 -0.0059179356518126143 -0.019383722840177059
leaf_weight=53.649314165115356 27.072592318058014 199.81558468937874 259.68935495615005 203.52597646415234 24.154652297496796 13.362776651978491 66.51121897995472 37.975996077060699 13.72147651016712 14.458372816443442 13.396554931998251 89.372263118624687 18.481178015470505 29.990602165460587 14.646861121058462 75.059682056307793 68.694594547152519 11.70947754383087 147.73868496716022 11.367770865559576 16.689654022455215 11.629404217004774 12.703565388917921 30.294213309884071 251.84718249738216 35.918663874268532 53.088178694248199 18.749695912003517 176.60471540689468 164.30055430531502
leaf_count=259 99 761 1014 696 88 50 242 128 49 52 47 411 71 110 52 254 237 43 538 48 61 44 43 108 873 128 179 67 619 562
internal_value=-0.00467011 0.00260758 0.011055 -0.0138828 -0.00206102 0.00366857 -0.00923846 -0.0115444 -0.00916419 -0.0288712 -0.00700206 0.0217054 -0.00588051 -0.00764377 0.013919 -0.012102 -0.00135905 -0.00920531 -0.0042891 0.00576127 0.00436822 0.00749718 -0.00171427 0.00720447 -0.0189888 -0.0182463 -0.0114568 -0.0201987 -0.0114809 -0.0169995
internal_weight=2166.22 1210.2 430.768 956.018 779.434 360.917 500.645 434.134 381.699 52.4344 418.517 143.022 405.121 371.993 33.128 287.375 104.559 80.4041 161.101 287.747 276.379 84.6178 54.6272 41.9236 455.373 182.816 107.757 71.8379 354.627 178.022
internal_count=7933 4613 1793 3320 2820 1349 1751 1509 1329 180 1471 670 1424 1301 123 996 368 280 588 1123 1075 305 195 152 1569 628 374 246 1230 611
is_linear=0
shrinkage=0.05


Tree=23
num_leaves=31
num_cat=0
split_feature=7 0 0 4 7 2 7 4 7 2 3 6 6 6 0 0 0 0 6 0 8 0 6 6 3 0 6 6 0 7
split_gain=47.1023 9.54671 9.04497 6.56995 5.79711 7.48574 5.67585 6.26177 5.90234 6.4459 8.68748 7.01021 5.53123 6.99832 6.49768 6.38403 5.57571 9.01914 5.67618 4.94891 4.34147 7.91726 4.88873 5.72166 5.72193 5.30583 4.51929 8.94704 4.4744 8.47002
threshold=0.023966524408806589 103150.00000000001 96050.000000000015 4.5000000000000009 -0.0022931442080378248 796.50000000000011 0.0035799573651855558 1.5000000000000002 0.0067797389225960668 550.50000000000011 10.000000000000002 1.0258945443462362 0.88747294372294383 0.83234524847428093 100650.00000000001 21250.000000000004 22350.000000000004 23650.000000000004 1.022779922779923 25250.000000000004 6.5000000000000009 87250.000000000015 1.1144428460109095 0.97180890988564628 8.0000000000000018 66550.000000000015 0.25990730224427766 0.21415275075222204 18150.000000000004 -0.058258199323505296
decision_type=2 2 2 2 2 2 2 2 2 2 2 2 2 2 2 2 2 2 2 2 2 2 2 2 2 2 2 2 2 2
left_child=2 12 4 -3 20 6 7 -6 -8 11 -11 -10 13 -2 15 -14 18 -18 -17 -19 22 -22 23 24 -1 -24 27 -26 -25 -30
right_child=1 3 -4 -5 5 -7 8 -9 9 10 -12 -13 14 -15 -16 16 17 19 -20 -21 21 -23 25 28 26 -27 -28 -29 29 -31
leaf_value=-0.026042457045403283 -0.00043536348339539449 0.01417067608312925 0.001962575379608754 0.043668881958212502 -0.027927808921509641 0.0084896521157790117 0.0085057387880350908 -0.014190193343023986 0.010137886508514956 -0.047239911994960887 -0.01170263626648914 -0.020821152740883187 0.0014599104088019962 -0.036030554300011619 -0.023773548711774652 0.018488522498363396 -0.01651890232640818 0.042599746758772594 0.063309370402084342 0.012049895127223126 -0.014671619667566091 0.032417308987665532 -0.044638515675542584 -0.0077168548128909694 -0.015206919956013332 -0.012436915269695972 -0.010347260224618357 0.04445642410838082 -0.015628092118294648 0.012482615688811616
leaf_weight=53.711483955383301 88.623170152306557 100.85746459662914 173.3740595728159 23.222204953432083 124.20721009373665 35.651000797748566 41.381972551345825 249.72205418348312 45.649363785982132 24.712093025445938 56.554817363619804 30.503291398286819 205.46594952046871 16.357340604066849 16.804429575800896 22.267899379134178 26.92390613257885 14.437898352742193 10.34555710852146 162.01780317723751 17.072750374674797 18.707626521587372 17.238421693444252 134.7771051377058 13.787129491567613 49.593690514564514 214.27714116871357 11.54539307951927 36.364180013537407 101.84896148741245
leaf_count=184 329 448 637 108 425 127 149 869 168 82 197 106 756 59 69 84 96 58 42 680 60 72 57 471 48 176 748 44 127 371
internal_value=-0.00364532 0.0071365 -0.00875368 0.0196914 -0.0102082 -0.0137403 -0.0151241 -0.0187534 -0.00829762 -0.0127148 -0.022509 -0.0022629 0.00437072 -0.00598156 0.00674225 0.00790386 0.0135142 0.0104366 0.0327065 0.0145495 -0.00699585 0.00994864 -0.00795343 -0.0064441 -0.0112926 -0.0207429 -0.00798621 0.0119849 -0.00123454 0.00508663
internal_weight=2138 687.324 1450.68 124.08 1277.31 608.382 572.731 373.929 198.802 157.42 81.2669 76.1527 563.244 104.981 458.263 441.459 235.993 203.38 32.6135 176.456 668.924 35.7804 633.144 566.311 293.321 66.8321 239.61 25.3325 272.99 138.213
internal_count=7847 2729 5118 556 4481 2123 1996 1294 702 553 279 274 2173 388 1785 1716 960 834 126 738 2358 132 2226 1993 1024 233 840 92 969 498
is_linear=0
shrinkage=0.05


Tree=24
num_leaves=31
num_cat=0
split_feature=1 7 6 7 0 1 1 0 0 6 0 1 2 0 1 0 2 6 0 0 7 7 6 6 2 2 2 6 7 4
split_gain=48.9 20.6962 14.4885 13.1321 9.21475 9.13206 6.30502 6.81364 7.79188 10.6877 6.26706 6.15861 6.1192 6.07034 5.76405 5.59847 5.36844 7.80935 5.21592 5.70844 7.25087 4.97366 4.86865 4.84372 4.84003 4.6933 4.51969 4.34621 4.26715 4.21913
threshold=17.500000000000004 0.056415244936645723 1.3223819934107215 0.013201336108825098 85750.000000000015 6.5000000000000009 9.5000000000000018 22850.000000000004 20150.000000000004 1.0063898415809247 19450.000000000004 23.500000000000004 732.50000000000011 18150.000000000004 18.500000000000004 13250.000000000002 798.00000000000011 0.90837362603193361 127750.00000000001 98250.000000000015 0.089707276009762763 0.0096107662750314071 0.94607236759127211 3.8757319839884077 78.500000000000014 763.50000000000011 497.50000000000006 1.0147275724449074 -0.019164260719641706 1.0000000180025095e-35
decision_type=2 2 2 2 2 2 2 2 2 2 2 2 2 2 2 2 2 2 2 2 2 2 2 2 2 2 2 2 2 2
left_child=1 2 6 16 23 18 7 8 10 -10 15 14 13 -13 -5 -1 21 -18 19 27 -21 -2 -7 -4 -15 -16 -17 -3 -6 -9
right_child=3 5 4 11 28 22 -8 29 9 -11 -12 12 -14 24 25 26 17 -19 -20 20 -22 -23 -24 -25 -26 -27 -28 -29 -30 -31
leaf_value=0.033675003461932695 -0.016723817504407795 0.021808376987197814 0.0087493467143811409 -0.01569894945668494 0.054298035252206014 -0.011353886936173656 -0.0073006493557531277 -0.0084297980646903508 -0.025568971781862623 0.027826058463704895 0.029924603959375323 -0.037425081723481489 -0.046783218089142244 -0.026886576018703215 0.0033661082645590535 -0.017544140563214565 0.033079605944907831 -0.02059220708600322 0.058849943783646275 0.022943604438662772 -0.036239290794303547 -0.044600051344687468 0.011251780999291262 -0.033018467311729596 0.0095717107069130027 0.033701154457110728 0.0019963849583836206 0.050582733037518625 0.020791493238036845 0.017106139911210592
leaf_weight=11.093876242637633 652.84037390351295 46.147720858454704 18.169529736042026 37.2694973051548 11.229248583316801 28.605066508054733 472.10108172893524 19.994733139872551 59.071705356240273 11.13901014626026 18.695755258202553 14.181542262434958 12.812388345599173 12.381068065762518 127.46251645684242 40.050939902663231 13.08255508542061 14.062367051839827 11.133959576487539 13.637680456042292 8.3404096066951734 16.403072878718376 142.34021958708763 11.2321849912405 34.384773418307304 14.167805656790732 113.3204146027565 18.338044658303261 61.778125777840614 84.685206368565559
leaf_count=42 2258 198 68 131 46 105 1667 82 207 43 71 47 42 42 461 141 48 48 63 70 40 54 592 40 123 53 410 87 255 358
internal_value=-0.00449748 0.00220512 -0.00131691 -0.0129802 0.0164271 0.014436 -0.00350584 0.00149771 -0.00293571 -0.0170978 0.002493 -0.00321572 -0.0153731 -0.00877 0.00179672 -0.00062531 -0.0165229 0.00527504 0.0266387 0.0224908 0.000484438 -0.0174071 0.00746907 -0.007207 -8.04738e-05 0.00640064 -0.00310637 0.029991 0.0259451 0.0122286
internal_weight=2150.15 1201.1 932.562 949.048 102.409 268.543 830.153 358.052 253.372 70.2107 183.161 252.66 73.7598 60.9474 178.9 164.465 696.388 27.1449 97.5978 86.4639 21.9781 669.243 170.945 29.4017 46.7658 141.63 153.371 64.4858 73.0074 104.68
internal_count=7892 4585 3430 3307 409 1155 3021 1354 914 250 664 899 254 212 645 593 2408 96 458 395 110 2312 697 108 165 514 551 285 301 440
is_linear=0
shrinkage=0.05


end of trees

feature_importances:
price_trend_3d=139
duration_min=131
price_ngn=130
days_to_departure=126
price_vs_route_med=113
departure_hour=50
carrier_rank=31
dow=30

parameters:
[boosting: gbdt]
[objective: binary]
[metric: auc,binary_logloss]
[tree_learner: serial]
[device_type: cpu]
[data_sample_strategy: bagging]
[data: ]
[valid: ]
[num_iterations: 400]
[learning_rate: 0.05]
[num_leaves: 31]
[num_threads: 0]
[seed: 0]
[deterministic: 0]
[force_col_wise: 0]
[force_row_wise: 0]
[histogram_pool_size: -1]
[max_depth: -1]
[min_data_in_leaf: 40]
[min_sum_hessian_in_leaf: 0.001]
[bagging_fraction: 0.9]
[pos_bagging_fraction: 1]
[neg_bagging_fraction: 1]
[bagging_freq: 1]
[bagging_seed: 3]
[bagging_by_query: 0]
[feature_fraction: 0.9]
[feature_fraction_bynode: 1]
[feature_fraction_seed: 2]
[extra_trees: 0]
[extra_seed: 6]
[early_stopping_round: 0]
[early_stopping_min_delta: 0]
[first_metric_only: 0]
[max_delta_step: 0]
[lambda_l1: 0]
[lambda_l2: 0]
[linear_lambda: 0]
[min_gain_to_split: 0]
[drop_rate: 0.1]
[max_drop: 50]
[skip_drop: 0.5]
[xgboost_dart_mode: 0]
[uniform_drop: 0]
[drop_seed: 4]
[top_rate: 0.2]
[other_rate: 0.1]
[min_data_per_group: 100]
[max_cat_threshold: 32]
[cat_l2: 10]
[cat_smooth: 10]
[max_cat_to_onehot: 4]
[top_k: 20]
[monotone_constraints: ]
[monotone_constraints_method: basic]
[monotone_penalty: 0]
[feature_contri: ]
[forcedsplits_filename: ]
[refit_decay_rate: 0.9]
[cegb_tradeoff: 1]
[cegb_penalty_split: 0]
[cegb_penalty_feature_lazy: ]
[cegb_penalty_feature_coupled: ]
[path_smooth: 0]
[interaction_constraints: ]
[verbosity: -1]
[saved_feature_importance_type: 0]
[use_quantized_grad: 0]
[num_grad_quant_bins: 4]
[quant_train_renew_leaf: 0]
[stochastic_rounding: 1]
[linear_tree: 0]
[max_bin: 255]
[max_bin_by_feature: ]
[min_data_in_bin: 3]
[bin_construct_sample_cnt: 200000]
[data_random_seed: 1]
[is_enable_sparse: 1]
[enable_bundle: 1]
[use_missing: 1]
[zero_as_missing: 0]
[feature_pre_filter: 1]
[pre_partition: 0]
[two_round: 0]
[header: 0]
[label_column: ]
[weight_column: ]
[group_column: ]
[ignore_column: ]
[categorical_feature: ]
[forcedbins_filename: ]
[precise_float_parser: 0]
[parser_config_file: ]
[objective_seed: 5]
[num_class: 1]
[is_unbalance: 1]
[scale_pos_weight: 1]
[sigmoid: 1]
[boost_from_average: 1]
[reg_sqrt: 0]
[alpha: 0.9]
[fair_c: 1]
[poisson_max_delta_step: 0.7]
[tweedie_variance_power: 1.5]
[lambdarank_truncation_level: 30]
[lambdarank_norm: 1]
[label_gain: ]
[lambdarank_position_bias_regularization: 0]
[eval_at: ]
[multi_error_top_k: 1]
[auc_mu_weights: ]
[num_machines: 1]
[local_listen_port: 12400]
[time_out: 120]
[machine_list_filename: ]
[machines: ]
[gpu_platform_id: -1]
[gpu_device_id: -1]
[gpu_device_id_list: ]
[gpu_use_dp: 0]
[num_gpu: 1]

end of parameters

pandas_categorical:[]
